0 -1 0
0.214286 47 30
0.214251 47 30
0.214184 47 30.0001
0.214083 47 30.0002
0.21395 47 30.0004
0.213785 47 30.0006
0.213589 47 30.0009
0.213363 47 30.0011
0.213106 47 30.0014
0.212821 46.9999 30.0018
0.212507 46.9999 30.0022
0.212164 46.9999 30.0026
0.211795 46.9999 30.003
0.211398 46.9998 30.0035
0.210975 46.9998 30.004
0.210526 46.9997 30.0046
0.210051 46.9997 30.0052
0.209552 46.9996 30.0058
0.209029 46.9996 30.0064
0.208482 46.9995 30.0071
0.207912 46.9994 30.0078
0.207319 46.9993 30.0085
0.206705 46.9992 30.0092
0.206068 46.9991 30.01
0.20541 46.999 30.0108
0.204732 46.9989 30.0116
0.204034 46.9988 30.0125
0.203316 46.9987 30.0134
0.202578 46.9985 30.0142
0.201822 46.9984 30.0152
0.201048 46.9982 30.0161
0.200256 46.998 30.0171
0.199446 46.9978 30.018
0.19862 46.9977 30.019
0.197777 46.9975 30.0201
0.196918 46.9972 30.0211
0.196043 46.997 30.0221
0.195153 46.9968 30.0232
0.194249 46.9965 30.0243
0.19333 46.9963 30.0254
0.192396 46.996 30.0265
0.19145 46.9958 30.0277
0.19049 46.9955 30.0288
0.189517 46.9952 30.03
0.188532 46.9949 30.0312
0.187534 46.9945 30.0324
0.186525 46.9942 30.0336
0.185505 46.9938 30.0348
0.184474 46.9935 30.036
0.183432 46.9931 30.0373
0.18238 46.9927 30.0385
0.181317 46.9923 30.0398
0.180246 46.9919 30.0411
0.179165 46.9915 30.0424
0.178075 46.9911 30.0437
0.176976 46.9906 30.045
0.175869 46.9901 30.0463
0.174754 46.9897 30.0476
0.173632 46.9892 30.049
0.172502 46.9887 30.0503
0.171365 46.9882 30.0517
0.170222 46.9876 30.053
0.169071 46.9871 30.0544
0.167915 46.9865 30.0558
0.166753 46.986 30.0571
0.165585 46.9854 30.0585
0.164412 46.9848 30.0599
0.163234 46.9842 30.0613
0.16205 46.9835 30.0627
0.160863 46.9829 30.0641
0.159671 46.9822 30.0655
0.158475 46.9816 30.0669
0.157275 46.9809 30.0683
0.156072 46.9802 30.0698
0.154865 46.9795 30.0712
0.153655 46.9787 30.0726
0.152443 46.978 30.074
0.151228 46.9772 30.0754
0.15001 46.9765 30.0769
0.14879 46.9757 30.0783
0.147568 46.9749 30.0797
0.146345 46.9741 30.0812
0.14512 46.9733 30.0826
0.143894 46.9724 30.084
0.142666 46.9716 30.0855
0.141438 46.9707 30.0869
0.140209 46.9698 30.0883
0.138979 46.9689 30.0898
0.137749 46.968 30.0912
0.136519 46.9671 30.0926
0.135288 46.9661 30.094
0.134058 46.9652 30.0955
0.132829 46.9642 30.0969
0.1316 46.9632 30.0983
0.130371 46.9622 30.0997
0.129144 46.9612 30.1012
0.127917 46.9602 30.1026
0.126692 46.9592 30.104
0.125468 46.9581 30.1054
0.124245 46.957 30.1068
0.123024 46.956 30.1082
0.121805 46.9549 30.1096
0.120588 46.9537 30.111
0.119373 46.9526 30.1124
0.11816 46.9515 30.1138
0.116949 46.9503 30.1152
0.115741 46.9492 30.1166
0.114535 46.948 30.1179
0.113332 46.9468 30.1193
0.112132 46.9456 30.1207
0.110935 46.9444 30.122
0.109741 46.9431 30.1234
0.108551 46.9419 30.1248
0.107363 46.9406 30.1261
0.106179 46.9394 30.1274
0.104999 46.9381 30.1288
0.103822 46.9368 30.1301
0.102649 46.9354 30.1314
0.101479 46.9341 30.1328
0.100314 46.9328 30.1341
0.0991526 46.9314 30.1354
0.0979953 46.9301 30.1367
0.0968423 46.9287 30.138
0.0956935 46.9273 30.1393
0.0945491 46.9259 30.1405
0.0934092 46.9245 30.1418
0.0922738 46.923 30.1431
0.0911431 46.9216 30.1443
0.090017 46.9201 30.1456
0.0888958 46.9187 30.1469
0.0877793 46.9172 30.1481
0.0866678 46.9157 30.1493
0.0855613 46.9142 30.1506
0.0844599 46.9127 30.1518
0.0833635 46.9111 30.153
0.0822724 46.9096 30.1542
0.0811865 46.908 30.1554
0.0801059 46.9065 30.1566
0.0790306 46.9049 30.1578
0.0779608 46.9033 30.1589
0.0768964 46.9017 30.1601
0.0758376 46.9001 30.1613
0.0747843 46.8985 30.1624
0.0737367 46.8968 30.1636
0.0726947 46.8952 30.1647
0.0716584 46.8935 30.1658
0.0706279 46.8919 30.1669
0.0696032 46.8902 30.168
0.0685844 46.8885 30.1691
0.0675714 46.8868 30.1702
0.0665643 46.8851 30.1713
0.0655631 46.8833 30.1724
0.064568 46.8816 30.1735
0.0635789 46.8799 30.1745
0.0625958 46.8781 30.1756
0.0616188 46.8763 30.1766
0.0606479 46.8746 30.1777
0.0596831 46.8728 30.1787
0.0587245 46.871 30.1797
0.057772 46.8692 30.1807
0.0568258 46.8674 30.1817
0.0558858 46.8655 30.1827
0.054952 46.8637 30.1837
0.0540245 46.8618 30.1847
0.0531033 46.86 30.1857
0.0521884 46.8581 30.1866
0.0512798 46.8563 30.1876
0.0503775 46.8544 30.1885
0.0494816 46.8525 30.1894
0.048592 46.8506 30.1904
0.0477088 46.8487 30.1913
0.0468319 46.8467 30.1922
0.0459614 46.8448 30.1931
0.0450974 46.8429 30.194
0.0442397 46.8409 30.1949
0.0433884 46.839 30.1957
0.0425435 46.837 30.1966
0.0417051 46.835 30.1975
0.040873 46.833 30.1983
0.0400474 46.831 30.1992
0.0392281 46.829 30.2
0.0384153 46.827 30.2008
0.0376089 46.825 30.2016
0.0368089 46.823 30.2024
0.0360153 46.821 30.2032
0.0352281 46.8189 30.204
0.0344473 46.8169 30.2048
0.0336729 46.8148 30.2056
0.0329049 46.8128 30.2063
0.0321432 46.8107 30.2071
0.0313879 46.8086 30.2078
0.030639 46.8065 30.2086
0.0298964 46.8044 30.2093
0.0291602 46.8023 30.21
0.0284303 46.8002 30.2107
0.0277068 46.7981 30.2114
0.0269895 46.796 30.2121
0.0262785 46.7939 30.2128
0.0255738 46.7917 30.2135
0.0248754 46.7896 30.2142
0.0241832 46.7874 30.2148
0.0234973 46.7853 30.2155
0.0228176 46.7831 30.2161
0.022144 46.7809 30.2167
0.0214767 46.7788 30.2174
0.0208155 46.7766 30.218
0.0201605 46.7744 30.2186
0.0195116 46.7722 30.2192
0.0188689 46.77 30.2198
0.0182322 46.7678 30.2204
0.0176016 46.7656 30.221
0.016977 46.7634 30.2216
0.0163585 46.7612 30.2221
0.015746 46.7589 30.2227
0.0151394 46.7567 30.2232
0.0145389 46.7545 30.2238
0.0139442 46.7522 30.2243
0.0133555 46.75 30.2248
0.0127727 46.7477 30.2253
0.0121957 46.7455 30.2259
0.0116246 46.7432 30.2264
0.0110593 46.7409 30.2269
0.0104998 46.7387 30.2273
0.00994607 46.7364 30.2278
0.00939807 46.7341 30.2283
0.00885579 46.7318 30.2288
0.0083192 46.7295 30.2292
0.00778827 46.7272 30.2297
0.00726297 46.7249 30.2301
0.00674328 46.7226 30.2305
0.00622916 46.7203 30.231
0.0057206 46.718 30.2314
0.00521756 46.7157 30.2318
0.00472001 46.7134 30.2322
0.00422792 46.711 30.2326
0.00374127 46.7087 30.233
0.00326003 46.7064 30.2334
0.00278416 46.704 30.2338
0.00231364 46.7017 30.2341
0.00184843 46.6993 30.2345
0.00138851 46.697 30.2349
0.000933845 46.6946 30.2352
0.000484404 46.6923 30.2356
4.01573e-05 46.6899 30.2359
-0.000398926 46.6876 30.2362
-0.000832878 46.6852 30.2366
-0.00126173 46.6828 30.2369
-0.00168551 46.6805 30.2372
-0.00210425 46.6781 30.2375
-0.00251799 46.6757 30.2378
-0.00292675 46.6733 30.2381
-0.00333057 46.6709 30.2384
-0.00372948 46.6685 30.2387
-0.00412351 46.6662 30.2389
-0.0045127 46.6638 30.2392
-0.00489707 46.6614 30.2395
-0.00527665 46.659 30.2397
-0.00565149 46.6566 30.24
-0.00602161 46.6542 30.2402
-0.00638705 46.6518 30.2405
-0.00674783 46.6494 30.2407
-0.007104 46.647 30.2409
-0.00745558 46.6445 30.2411
-0.00780261 46.6421 30.2413
-0.00814511 46.6397 30.2416
-0.00848313 46.6373 30.2418
-0.00881669 46.6349 30.242
-0.00914583 46.6325 30.2421
-0.00947058 46.63 30.2423
-0.00979097 46.6276 30.2425
-0.010107 46.6252 30.2427
-0.0104188 46.6227 30.2429
-0.0107263 46.6203 30.243
-0.0110296 46.6179 30.2432
-0.0113287 46.6155 30.2433
-0.0116237 46.613 30.2435
-0.0119145 46.6106 30.2436
-0.0122012 46.6081 30.2438
-0.0124839 46.6057 30.2439
-0.0127625 46.6033 30.244
-0.0130372 46.6008 30.2442
-0.0133078 46.5984 30.2443
-0.0135746 46.5959 30.2444
-0.0138374 46.5935 30.2445
-0.0140964 46.591 30.2446
-0.0143516 46.5886 30.2447
-0.0146029 46.5862 30.2448
-0.0148505 46.5837 30.2449
-0.0150944 46.5813 30.245
-0.0153345 46.5788 30.245
-0.015571 46.5764 30.2451
-0.0158038 46.5739 30.2452
-0.016033 46.5714 30.2453
-0.0162587 46.569 30.2453
-0.0164808 46.5665 30.2454
-0.0166994 46.5641 30.2454
-0.0169145 46.5616 30.2455
-0.0171262 46.5592 30.2455
-0.0173344 46.5567 30.2456
-0.0175393 46.5543 30.2456
-0.0177408 46.5518 30.2456
-0.017939 46.5494 30.2457
-0.0181339 46.5469 30.2457
-0.0183255 46.5444 30.2457
-0.0185139 46.542 30.2457
-0.0186991 46.5395 30.2457
-0.0188811 46.5371 30.2457
-0.01906 46.5346 30.2457
-0.0192358 46.5322 30.2457
-0.0194085 46.5297 30.2457
-0.0195782 46.5272 30.2457
-0.0197448 46.5248 30.2457
-0.0199084 46.5223 30.2457
-0.0200691 46.5199 30.2457
-0.0202269 46.5174 30.2457
-0.0203818 46.515 30.2456
-0.0205337 46.5125 30.2456
-0.0206829 46.51 30.2456
-0.0208292 46.5076 30.2455
-0.0209728 46.5051 30.2455
-0.0211136 46.5027 30.2455
-0.0212516 46.5002 30.2454
-0.021387 46.4978 30.2454
-0.0215197 46.4953 30.2453
-0.0216498 46.4929 30.2453
-0.0217772 46.4904 30.2452
-0.0219021 46.488 30.2451
-0.0220244 46.4855 30.2451
-0.0221441 46.4831 30.245
-0.0222614 46.4806 30.2449
-0.0223762 46.4782 30.2449
-0.0224885 46.4757 30.2448
-0.0225984 46.4733 30.2447
-0.022706 46.4708 30.2446
-0.0228111 46.4684 30.2445
-0.0229139 46.4659 30.2444
-0.0230144 46.4635 30.2444
-0.0231126 46.461 30.2443
-0.0232086 46.4586 30.2442
-0.0233023 46.4562 30.2441
-0.0233938 46.4537 30.244
-0.0234831 46.4513 30.2439
-0.0235703 46.4488 30.2438
-0.0236553 46.4464 30.2436
-0.0237382 46.444 30.2435
-0.023819 46.4415 30.2434
-0.0238977 46.4391 30.2433
-0.0239744 46.4367 30.2432
-0.0240491 46.4342 30.2431
-0.0241219 46.4318 30.2429
-0.0241926 46.4294 30.2428
-0.0242614 46.427 30.2427
-0.0243283 46.4245 30.2426
-0.0243933 46.4221 30.2424
-0.0244564 46.4197 30.2423
-0.0245177 46.4173 30.2422
-0.0245772 46.4148 30.242
-0.0246348 46.4124 30.2419
-0.0246907 46.41 30.2417
-0.0247448 46.4076 30.2416
-0.0247972 46.4052 30.2414
-0.0248479 46.4028 30.2413
-0.0248968 46.4004 30.2411
-0.0249442 46.3979 30.241
-0.0249898 46.3955 30.2408
-0.0250339 46.3931 30.2407
-0.0250763 46.3907 30.2405
-0.0251172 46.3883 30.2403
-0.0251565 46.3859 30.2402
-0.0251942 46.3835 30.24
-0.0252305 46.3811 30.2399
-0.0252652 46.3787 30.2397
-0.0252985 46.3763 30.2395
-0.0253303 46.3739 30.2393
-0.0253606 46.3715 30.2392
-0.0253896 46.3692 30.239
-0.0254171 46.3668 30.2388
-0.0254433 46.3644 30.2386
-0.0254681 46.362 30.2385
-0.0254915 46.3596 30.2383
-0.0255137 46.3572 30.2381
-0.0255345 46.3549 30.2379
-0.0255541 46.3525 30.2377
-0.0255723 46.3501 30.2376
-0.0255894 46.3477 30.2374
-0.0256052 46.3454 30.2372
-0.0256198 46.343 30.237
-0.0256332 46.3406 30.2368
-0.0256454 46.3382 30.2366
-0.0256565 46.3359 30.2364
-0.0256664 46.3335 30.2362
-0.0256752 46.3312 30.236
-0.0256829 46.3288 30.2358
-0.0256895 46.3264 30.2356
-0.025695 46.3241 30.2354
-0.0256995 46.3217 30.2352
-0.0257029 46.3194 30.235
-0.0257053 46.317 30.2348
-0.0257067 46.3147 30.2346
-0.0257071 46.3124 30.2344
-0.0257065 46.31 30.2342
-0.025705 46.3077 30.234
-0.0257025 46.3053 30.2338
-0.0256991 46.303 30.2336
-0.0256948 46.3007 30.2334
-0.0256895 46.2983 30.2332
-0.0256834 46.296 30.2329
-0.0256764 46.2937 30.2327
-0.0256686 46.2913 30.2325
-0.0256599 46.289 30.2323
-0.0256504 46.2867 30.2321
-0.0256401 46.2844 30.2319
-0.025629 46.2821 30.2317
-0.0256171 46.2798 30.2314
-0.0256044 46.2774 30.2312
-0.025591 46.2751 30.231
-0.0255768 46.2728 30.2308
-0.0255619 46.2705 30.2306
-0.0255463 46.2682 30.2303
-0.02553 46.2659 30.2301
-0.0255129 46.2636 30.2299
-0.0254952 46.2613 30.2297
-0.0254769 46.259 30.2294
-0.0254578 46.2567 30.2292
-0.0254382 46.2544 30.229
-0.0254179 46.2522 30.2288
-0.025397 46.2499 30.2285
-0.0253755 46.2476 30.2283
-0.0253534 46.2453 30.2281
-0.0253307 46.243 30.2279
-0.0253074 46.2408 30.2276
-0.0252836 46.2385 30.2274
-0.0252592 46.2362 30.2272
-0.0252343 46.2339 30.2269
-0.0252088 46.2317 30.2267
-0.0251829 46.2294 30.2265
-0.0251564 46.2271 30.2263
-0.0251295 46.2249 30.226
-0.0251021 46.2226 30.2258
-0.0250741 46.2204 30.2256
-0.0250458 46.2181 30.2253
-0.0250169 46.2159 30.2251
-0.0249877 46.2136 30.2249
-0.024958 46.2114 30.2246
-0.0249279 46.2091 30.2244
-0.0248973 46.2069 30.2242
-0.0248664 46.2046 30.2239
-0.024835 46.2024 30.2237
-0.0248033 46.2002 30.2235
-0.0247712 46.1979 30.2232
-0.0247387 46.1957 30.223
-0.0247059 46.1935 30.2228
-0.0246727 46.1913 30.2225
-0.0246392 46.189 30.2223
-0.0246054 46.1868 30.222
-0.0245712 46.1846 30.2218
-0.0245367 46.1824 30.2216
-0.0245019 46.1802 30.2213
-0.0244668 46.178 30.2211
-0.0244314 46.1757 30.2209
-0.0243958 46.1735 30.2206
-0.0243598 46.1713 30.2204
-0.0243236 46.1691 30.2201
-0.0242871 46.1669 30.2199
-0.0242504 46.1647 30.2197
-0.0242134 46.1625 30.2194
-0.0241762 46.1604 30.2192
-0.0241388 46.1582 30.219
-0.0241011 46.156 30.2187
-0.0240633 46.1538 30.2185
-0.0240252 46.1516 30.2182
-0.0239869 46.1494 30.218
-0.0239484 46.1473 30.2178
-0.0239097 46.1451 30.2175
-0.0238709 46.1429 30.2173
-0.0238318 46.1407 30.2171
-0.0237926 46.1386 30.2168
-0.0237532 46.1364 30.2166
-0.0237137 46.1342 30.2163
-0.023674 46.1321 30.2161
-0.0236342 46.1299 30.2159
-0.0235942 46.1278 30.2156
-0.0235542 46.1256 30.2154
-0.0235139 46.1235 30.2151
-0.0234736 46.1213 30.2149
-0.0234331 46.1192 30.2147
-0.0233925 46.117 30.2144
-0.0233519 46.1149 30.2142
-0.0233111 46.1127 30.214
-0.0232702 46.1106 30.2137
-0.0232292 46.1085 30.2135
-0.0231882 46.1063 30.2132
-0.023147 46.1042 30.213
-0.0231058 46.1021 30.2128
-0.0230646 46.0999 30.2125
-0.0230232 46.0978 30.2123
-0.0229818 46.0957 30.2121
-0.0229403 46.0936 30.2118
-0.0228988 46.0915 30.2116
-0.0228573 46.0894 30.2113
-0.0228157 46.0872 30.2111
-0.022774 46.0851 30.2109
-0.0227323 46.083 30.2106
-0.0226906 46.0809 30.2104
-0.0226489 46.0788 30.2102
-0.0226071 46.0767 30.2099
-0.0225653 46.0746 30.2097
-0.0225235 46.0725 30.2095
-0.0224817 46.0704 30.2092
-0.0224399 46.0683 30.209
-0.0223981 46.0663 30.2088
-0.0223563 46.0642 30.2085
-0.0223145 46.0621 30.2083
-0.0222727 46.06 30.2081
-0.0222309 46.0579 30.2078
-0.0221891 46.0559 30.2076
-0.0221474 46.0538 30.2074
-0.0221056 46.0517 30.2071
-0.0220639 46.0496 30.2069
-0.0220222 46.0476 30.2067
-0.0219806 46.0455 30.2064
-0.0219389 46.0435 30.2062
-0.0218973 46.0414 30.206
-0.0218558 46.0393 30.2057
-0.0218143 46.0373 30.2055
-0.0217728 46.0352 30.2053
-0.0217314 46.0332 30.205
-0.02169 46.0311 30.2048
-0.0216487 46.0291 30.2046
-0.0216074 46.027 30.2043
-0.0215662 46.025 30.2041
-0.0215251 46.023 30.2039
-0.021484 46.0209 30.2037
-0.021443 46.0189 30.2034
-0.021402 46.0169 30.2032
-0.0213611 46.0148 30.203
-0.0213203 46.0128 30.2027
-0.0212796 46.0108 30.2025
-0.0212389 46.0088 30.2023
-0.0211983 46.0067 30.2021
-0.0211578 46.0047 30.2018
-0.0211174 46.0027 30.2016
-0.021077 46.0007 30.2014
-0.0210368 45.9987 30.2012
-0.0209966 45.9967 30.2009
-0.0209565 45.9947 30.2007
-0.0209165 45.9927 30.2005
-0.0208766 45.9906 30.2003
-0.0208368 45.9886 30.2
-0.0207971 45.9867 30.1998
-0.0207574 45.9847 30.1996
-0.0207179 45.9827 30.1994
-0.0206785 45.9807 30.1991
-0.0206392 45.9787 30.1989
-0.0206 45.9767 30.1987
-0.0205609 45.9747 30.1985
-0.0205219 45.9727 30.1982
-0.020483 45.9707 30.198
-0.0204442 45.9688 30.1978
-0.0204055 45.9668 30.1976
-0.0203669 45.9648 30.1974
-0.0203284 45.9628 30.1971
-0.0202901 45.9609 30.1969
-0.0202519 45.9589 30.1967
-0.0202137 45.9569 30.1965
-0.0201757 45.955 30.1963
-0.0201379 45.953 30.196
-0.0201001 45.9511 30.1958
-0.0200624 45.9491 30.1956
-0.0200249 45.9472 30.1954
-0.0199875 45.9452 30.1952
-0.0199502 45.9433 30.195
-0.019913 45.9413 30.1947
-0.019876 45.9394 30.1945
-0.0198391 45.9374 30.1943
-0.0198023 45.9355 30.1941
-0.0197656 45.9335 30.1939
-0.019729 45.9316 30.1937
-0.0196926 45.9297 30.1935
-0.0196563 45.9277 30.1932
-0.0196201 45.9258 30.193
-0.0195841 45.9239 30.1928
-0.0195482 45.9219 30.1926
-0.0195124 45.92 30.1924
-0.0194767 45.9181 30.1922
-0.0194412 45.9162 30.192
-0.0194058 45.9143 30.1917
-0.0193705 45.9124 30.1915
-0.0193354 45.9104 30.1913
-0.0193004 45.9085 30.1911
-0.0192655 45.9066 30.1909
-0.0192308 45.9047 30.1907
-0.0191962 45.9028 30.1905
-0.0191617 45.9009 30.1903
-0.0191273 45.899 30.1901
-0.0190931 45.8971 30.1899
-0.019059 45.8952 30.1897
-0.0190251 45.8933 30.1894
-0.0189913 45.8914 30.1892
-0.0189576 45.8895 30.189
-0.0189241 45.8876 30.1888
-0.0188906 45.8858 30.1886
-0.0188574 45.8839 30.1884
-0.0188242 45.882 30.1882
-0.0187912 45.8801 30.188
-0.0187583 45.8782 30.1878
-0.0187256 45.8764 30.1876
-0.018693 45.8745 30.1874
-0.0186605 45.8726 30.1872
-0.0186281 45.8707 30.187
-0.0185959 45.8689 30.1868
-0.0185638 45.867 30.1866
-0.0185319 45.8651 30.1864
-0.0185001 45.8633 30.1862
-0.0184684 45.8614 30.186
-0.0184368 45.8596 30.1858
-0.0184054 45.8577 30.1856
-0.0183741 45.8559 30.1854
-0.018343 45.854 30.1852
-0.018312 45.8522 30.185
-0.0182811 45.8503 30.1848
-0.0182503 45.8485 30.1846
-0.0182197 45.8466 30.1844
-0.0181892 45.8448 30.1842
-0.0181589 45.8429 30.184
-0.0181286 45.8411 30.1838
-0.0180985 45.8393 30.1836
-0.0180686 45.8374 30.1834
-0.0180387 45.8356 30.1832
-0.018009 45.8338 30.183
-0.0179794 45.8319 30.1828
-0.01795 45.8301 30.1826
-0.0179207 45.8283 30.1824
-0.0178915 45.8265 30.1822
-0.0178624 45.8246 30.182
-0.0178335 45.8228 30.1818
-0.0178047 45.821 30.1816
-0.017776 45.8192 30.1814
-0.0177474 45.8174 30.1812
-0.017719 45.8156 30.181
-0.0176907 45.8138 30.1808
-0.0176625 45.812 30.1806
-0.0176345 45.8102 30.1804
-0.0176065 45.8084 30.1802
-0.0175787 45.8066 30.1801
-0.017551 45.8048 30.1799
-0.0175235 45.803 30.1797
-0.017496 45.8012 30.1795
-0.0174687 45.7994 30.1793
-0.0174415 45.7976 30.1791
-0.0174144 45.7958 30.1789
-0.0173875 45.794 30.1787
-0.0173607 45.7922 30.1785
-0.0173339 45.7904 30.1783
-0.0173073 45.7887 30.1782
-0.0172809 45.7869 30.178
-0.0172545 45.7851 30.1778
-0.0172283 45.7833 30.1776
-0.0172021 45.7815 30.1774
-0.0171761 45.7798 30.1772
-0.0171502 45.778 30.177
-0.0171245 45.7762 30.1768
-0.0170988 45.7745 30.1767
-0.0170733 45.7727 30.1765
-0.0170478 45.7709 30.1763
-0.0170225 45.7692 30.1761
-0.0169973 45.7674 30.1759
-0.0169722 45.7657 30.1757
-0.0169472 45.7639 30.1755
-0.0169223 45.7622 30.1754
-0.0168976 45.7604 30.1752
-0.0168729 45.7587 30.175
-0.0168484 45.7569 30.1748
-0.0168239 45.7552 30.1746
-0.0167996 45.7534 30.1744
-0.0167754 45.7517 30.1743
-0.0167513 45.7499 30.1741
-0.0167273 45.7482 30.1739
-0.0167034 45.7465 30.1737
-0.0166796 45.7447 30.1735
-0.0166559 45.743 30.1733
-0.0166323 45.7413 30.1732
-0.0166088 45.7395 30.173
-0.0165854 45.7378 30.1728
-0.0165621 45.7361 30.1726
-0.016539 45.7343 30.1724
-0.0165159 45.7326 30.1723
-0.0164929 45.7309 30.1721
-0.01647 45.7292 30.1719
-0.0164473 45.7275 30.1717
-0.0164246 45.7258 30.1716
-0.016402 45.724 30.1714
-0.0163795 45.7223 30.1712
-0.0163571 45.7206 30.171
-0.0163348 45.7189 30.1708
-0.0163126 45.7172 30.1707
-0.0162905 45.7155 30.1705
-0.0162685 45.7138 30.1703
-0.0162466 45.7121 30.1701
-0.0162248 45.7104 30.17
-0.0162031 45.7087 30.1698
-0.0161814 45.707 30.1696
-0.0161599 45.7053 30.1694
-0.0161384 45.7036 30.1693
-0.016117 45.7019 30.1691
-0.0160958 45.7002 30.1689
-0.0160746 45.6985 30.1687
-0.0160535 45.6969 30.1686
-0.0160325 45.6952 30.1684
-0.0160115 45.6935 30.1682
-0.0159907 45.6918 30.168
-0.0159699 45.6901 30.1679
-0.0159493 45.6885 30.1677
-0.0159287 45.6868 30.1675
-0.0159082 45.6851 30.1674
-0.0158878 45.6834 30.1672
-0.0158674 45.6818 30.167
-0.0158472 45.6801 30.1668
-0.015827 45.6784 30.1667
-0.0158069 45.6768 30.1665
-0.0157869 45.6751 30.1663
-0.015767 45.6734 30.1662
-0.0157471 45.6718 30.166
-0.0157274 45.6701 30.1658
-0.0157077 45.6685 30.1656
-0.015688 45.6668 30.1655
-0.0156685 45.6652 30.1653
-0.015649 45.6635 30.1651
-0.0156296 45.6619 30.165
-0.0156103 45.6602 30.1648
-0.0155911 45.6586 30.1646
-0.0155719 45.6569 30.1645
-0.0155528 45.6553 30.1643
-0.0155338 45.6536 30.1641
-0.0155149 45.652 30.164
-0.015496 45.6504 30.1638
-0.0154772 45.6487 30.1636
-0.0154584 45.6471 30.1635
-0.0154398 45.6455 30.1633
-0.0154212 45.6438 30.1631
-0.0154027 45.6422 30.163
-0.0153842 45.6406 30.1628
-0.0153658 45.6389 30.1626
-0.0153475 45.6373 30.1625
-0.0153292 45.6357 30.1623
-0.015311 45.6341 30.1621
-0.0152929 45.6324 30.162
-0.0152748 45.6308 30.1618
-0.0152569 45.6292 30.1616
-0.0152389 45.6276 30.1615
-0.0152211 45.626 30.1613
-0.0152032 45.6244 30.1612
-0.0151855 45.6228 30.161
-0.0151678 45.6212 30.1608
-0.0151502 45.6195 30.1607
-0.0151326 45.6179 30.1605
-0.0151151 45.6163 30.1603
-0.0150977 45.6147 30.1602
-0.0150803 45.6131 30.16
-0.015063 45.6115 30.1599
-0.0150457 45.6099 30.1597
-0.0150285 45.6083 30.1595
-0.0150114 45.6068 30.1594
-0.0149943 45.6052 30.1592
-0.0149773 45.6036 30.1591
-0.0149603 45.602 30.1589
-0.0149434 45.6004 30.1587
-0.0149265 45.5988 30.1586
-0.0149097 45.5972 30.1584
-0.0148929 45.5956 30.1583
-0.0148762 45.5941 30.1581
-0.0148596 45.5925 30.1579
-0.014843 45.5909 30.1578
-0.0148264 45.5893 30.1576
-0.0148099 45.5878 30.1575
-0.0147935 45.5862 30.1573
-0.0147771 45.5846 30.1571
-0.0147607 45.583 30.157
-0.0147445 45.5815 30.1568
-0.0147282 45.5799 30.1567
-0.014712 45.5783 30.1565
-0.0146959 45.5768 30.1564
-0.0146798 45.5752 30.1562
-0.0146637 45.5737 30.156
-0.0146477 45.5721 30.1559
-0.0146318 45.5705 30.1557
-0.0146159 45.569 30.1556
-0.0146 45.5674 30.1554
-0.0145842 45.5659 30.1553
-0.0145684 45.5643 30.1551
-0.0145527 45.5628 30.155
-0.014537 45.5612 30.1548
-0.0145213 45.5597 30.1546
-0.0145057 45.5581 30.1545
-0.0144902 45.5566 30.1543
-0.0144747 45.555 30.1542
-0.0144592 45.5535 30.154
-0.0144438 45.552 30.1539
-0.0144284 45.5504 30.1537
-0.0144131 45.5489 30.1536
-0.0143978 45.5474 30.1534
-0.0143825 45.5458 30.1533
-0.0143673 45.5443 30.1531
-0.0143521 45.5428 30.153
-0.0143369 45.5412 30.1528
-0.0143218 45.5397 30.1527
-0.0143068 45.5382 30.1525
-0.0142918 45.5367 30.1523
-0.0142768 45.5351 30.1522
-0.0142618 45.5336 30.152
-0.0142469 45.5321 30.1519
-0.014232 45.5306 30.1517
-0.0142172 45.5291 30.1516
-0.0142024 45.5276 30.1514
-0.0141876 45.526 30.1513
-0.0141729 45.5245 30.1511
-0.0141582 45.523 30.151
-0.0141435 45.5215 30.1508
-0.0141289 45.52 30.1507
-0.0141143 45.5185 30.1505
-0.0140997 45.517 30.1504
-0.0140852 45.5155 30.1502
-0.0140707 45.514 30.1501
-0.0140563 45.5125 30.1499
-0.0140418 45.511 30.1498
-0.0140274 45.5095 30.1496
-0.0140131 45.508 30.1495
-0.0139987 45.5065 30.1493
-0.0139844 45.505 30.1492
-0.0139702 45.5035 30.149
-0.0139559 45.502 30.1489
-0.0139417 45.5006 30.1487
-0.0139276 45.4991 30.1486
-0.0139134 45.4976 30.1485
-0.0138993 45.4961 30.1483
-0.0138852 45.4946 30.1482
-0.0138711 45.4931 30.148
-0.0138571 45.4917 30.1479
-0.0138431 45.4902 30.1477
-0.0138291 45.4887 30.1476
-0.0138152 45.4872 30.1474
-0.0138013 45.4858 30.1473
-0.0137874 45.4843 30.1471
-0.0137735 45.4828 30.147
-0.0137597 45.4814 30.1468
-0.0137459 45.4799 30.1467
-0.0137321 45.4784 30.1465
-0.0137184 45.477 30.1464
-0.0137046 45.4755 30.1463
-0.0136909 45.474 30.1461
-0.0136773 45.4726 30.146
-0.0136636 45.4711 30.1458
-0.01365 45.4697 30.1457
-0.0136364 45.4682 30.1455
-0.0136228 45.4667 30.1454
-0.0136093 45.4653 30.1452
-0.0135957 45.4638 30.1451
-0.0135822 45.4624 30.145
-0.0135688 45.4609 30.1448
-0.0135553 45.4595 30.1447
-0.0135419 45.4581 30.1445
-0.0135285 45.4566 30.1444
-0.0135151 45.4552 30.1442
-0.0135017 45.4537 30.1441
-0.0134884 45.4523 30.144
-0.0134751 45.4508 30.1438
-0.0134618 45.4494 30.1437
-0.0134485 45.448 30.1435
-0.0134352 45.4465 30.1434
-0.013422 45.4451 30.1432
-0.0134088 45.4437 30.1431
-0.0133956 45.4422 30.143
-0.0133824 45.4408 30.1428
-0.0133693 45.4394 30.1427
-0.0133562 45.438 30.1425
-0.0133431 45.4365 30.1424
-0.01333 45.4351 30.1423
-0.0133169 45.4337 30.1421
-0.0133039 45.4323 30.142
-0.0132909 45.4309 30.1418
-0.0132778 45.4294 30.1417
-0.0132649 45.428 30.1416
-0.0132519 45.4266 30.1414
-0.013239 45.4252 30.1413
-0.013226 45.4238 30.1411
-0.0132131 45.4224 30.141
-0.0132002 45.421 30.1409
-0.0131874 45.4196 30.1407
-0.0131745 45.4182 30.1406
-0.0131617 45.4168 30.1404
-0.0131488 45.4154 30.1403
-0.013136 45.414 30.1402
-0.0131233 45.4126 30.14
-0.0131105 45.4112 30.1399
-0.0130978 45.4098 30.1397
-0.013085 45.4084 30.1396
-0.0130723 45.407 30.1395
-0.0130596 45.4056 30.1393
-0.0130469 45.4042 30.1392
-0.0130343 45.4028 30.1391
-0.0130216 45.4014 30.1389
-0.013009 45.4 30.1388
-0.0129964 45.3986 30.1386
-0.0129838 45.3972 30.1385
-0.0129712 45.3959 30.1384
-0.0129587 45.3945 30.1382
-0.0129461 45.3931 30.1381
-0.0129336 45.3917 30.138
-0.0129211 45.3903 30.1378
-0.0129086 45.389 30.1377
-0.0128961 45.3876 30.1376
-0.0128836 45.3862 30.1374
-0.0128711 45.3848 30.1373
-0.0128587 45.3835 30.1371
-0.0128463 45.3821 30.137
-0.0128339 45.3807 30.1369
-0.0128215 45.3794 30.1367
-0.0128091 45.378 30.1366
-0.0127967 45.3766 30.1365
-0.0127844 45.3753 30.1363
-0.012772 45.3739 30.1362
-0.0127597 45.3725 30.1361
-0.0127474 45.3712 30.1359
-0.0127351 45.3698 30.1358
-0.0127228 45.3685 30.1357
-0.0127106 45.3671 30.1355
-0.0126983 45.3658 30.1354
-0.0126861 45.3644 30.1353
-0.0126738 45.3631 30.1351
-0.0126616 45.3617 30.135
-0.0126494 45.3604 30.1349
-0.0126372 45.359 30.1347
-0.0126251 45.3577 30.1346
-0.0126129 45.3563 30.1345
-0.0126008 45.355 30.1343
-0.0125886 45.3536 30.1342
-0.0125765 45.3523 30.1341
-0.0125644 45.351 30.1339
-0.0125523 45.3496 30.1338
-0.0125402 45.3483 30.1337
-0.0125282 45.3469 30.1335
-0.0125161 45.3456 30.1334
-0.012504 45.3443 30.1333
-0.012492 45.3429 30.1331
-0.01248 45.3416 30.133
-0.012468 45.3403 30.1329
-0.012456 45.339 30.1327
-0.012444 45.3376 30.1326
-0.012432 45.3363 30.1325
-0.0124201 45.335 30.1324
-0.0124081 45.3337 30.1322
-0.0123962 45.3323 30.1321
-0.0123843 45.331 30.132
-0.0123723 45.3297 30.1318
-0.0123604 45.3284 30.1317
-0.0123486 45.3271 30.1316
-0.0123367 45.3258 30.1314
-0.0123248 45.3244 30.1313
-0.012313 45.3231 30.1312
-0.0123011 45.3218 30.1311
-0.0122893 45.3205 30.1309
-0.0122775 45.3192 30.1308
-0.0122656 45.3179 30.1307
-0.0122538 45.3166 30.1305
-0.0122421 45.3153 30.1304
-0.0122303 45.314 30.1303
-0.0122185 45.3127 30.1302
-0.0122068 45.3114 30.13
-0.012195 45.3101 30.1299
-0.0121833 45.3088 30.1298
-0.0121716 45.3075 30.1296
-0.0121598 45.3062 30.1295
-0.0121481 45.3049 30.1294
-0.0121365 45.3036 30.1293
-0.0121248 45.3023 30.1291
-0.0121131 45.301 30.129
-0.0121014 45.2997 30.1289
-0.0120898 45.2984 30.1287
-0.0120782 45.2972 30.1286
-0.0120665 45.2959 30.1285
-0.0120549 45.2946 30.1284
-0.0120433 45.2933 30.1282
-0.0120317 45.292 30.1281
-0.0120201 45.2907 30.128
-0.0120085 45.2895 30.1279
-0.011997 45.2882 30.1277
-0.0119854 45.2869 30.1276
-0.0119739 45.2856 30.1275
-0.0119623 45.2844 30.1274
-0.0119508 45.2831 30.1272
-0.0119393 45.2818 30.1271
-0.0119278 45.2806 30.127
-0.0119163 45.2793 30.1269
-0.0119048 45.278 30.1267
-0.0118933 45.2768 30.1266
-0.0118819 45.2755 30.1265
-0.0118704 45.2742 30.1264
-0.011859 45.273 30.1262
-0.0118475 45.2717 30.1261
-0.0118361 45.2704 30.126
-0.0118247 45.2692 30.1259
-0.0118133 45.2679 30.1257
-0.0118019 45.2667 30.1256
-0.0117905 45.2654 30.1255
-0.0117791 45.2642 30.1254
-0.0117678 45.2629 30.1252
-0.0117564 45.2617 30.1251
-0.0117451 45.2604 30.125
-0.0117337 45.2592 30.1249
-0.0117224 45.2579 30.1247
-0.0117111 45.2567 30.1246
-0.0116998 45.2554 30.1245
-0.0116885 45.2542 30.1244
-0.0116772 45.2529 30.1242
-0.0116659 45.2517 30.1241
-0.0116546 45.2505 30.124
-0.0116433 45.2492 30.1239
-0.0116321 45.248 30.1238
-0.0116208 45.2467 30.1236
-0.0116096 45.2455 30.1235
-0.0115984 45.2443 30.1234
-0.0115872 45.243 30.1233
-0.011576 45.2418 30.1231
-0.0115648 45.2406 30.123
-0.0115536 45.2393 30.1229
-0.0115424 45.2381 30.1228
-0.0115312 45.2369 30.1227
-0.0115201 45.2357 30.1225
-0.0115089 45.2344 30.1224
-0.0114978 45.2332 30.1223
-0.0114866 45.232 30.1222
-0.0114755 45.2308 30.1221
-0.0114644 45.2296 30.1219
-0.0114533 45.2283 30.1218
-0.0114422 45.2271 30.1217
-0.0114311 45.2259 30.1216
-0.01142 45.2247 30.1215
-0.011409 45.2235 30.1213
-0.0113979 45.2223 30.1212
-0.0113869 45.2211 30.1211
-0.0113758 45.2198 30.121
-0.0113648 45.2186 30.1209
-0.0113538 45.2174 30.1207
-0.0113428 45.2162 30.1206
-0.0113317 45.215 30.1205
-0.0113208 45.2138 30.1204
-0.0113098 45.2126 30.1203
-0.0112988 45.2114 30.1201
-0.0112878 45.2102 30.12
-0.0112769 45.209 30.1199
-0.0112659 45.2078 30.1198
-0.011255 45.2066 30.1197
-0.011244 45.2054 30.1195
-0.0112331 45.2042 30.1194
-0.0112222 45.203 30.1193
-0.0112113 45.2018 30.1192
-0.0112004 45.2007 30.1191
-0.0111895 45.1995 30.119
-0.0111786 45.1983 30.1188
-0.0111678 45.1971 30.1187
-0.0111569 45.1959 30.1186
-0.011146 45.1947 30.1185
-0.0111352 45.1935 30.1184
-0.0111244 45.1924 30.1183
-0.0111135 45.1912 30.1181
-0.0111027 45.19 30.118
-0.0110919 45.1888 30.1179
-0.0110811 45.1876 30.1178
-0.0110703 45.1865 30.1177
-0.0110596 45.1853 30.1176
-0.0110488 45.1841 30.1174
-0.011038 45.1829 30.1173
-0.0110273 45.1818 30.1172
-0.0110165 45.1806 30.1171
-0.0110058 45.1794 30.117
-0.0109951 45.1783 30.1169
-0.0109844 45.1771 30.1167
-0.0109736 45.1759 30.1166
-0.0109629 45.1748 30.1165
-0.0109523 45.1736 30.1164
-0.0109416 45.1724 30.1163
-0.0109309 45.1713 30.1162
-0.0109202 45.1701 30.1161
-0.0109096 45.1689 30.1159
-0.0108989 45.1678 30.1158
-0.0108883 45.1666 30.1157
-0.0108777 45.1655 30.1156
-0.0108671 45.1643 30.1155
-0.0108564 45.1632 30.1154
-0.0108458 45.162 30.1153
-0.0108352 45.1609 30.1151
-0.0108247 45.1597 30.115
-0.0108141 45.1586 30.1149
-0.0108035 45.1574 30.1148
-0.010793 45.1563 30.1147
-0.0107824 45.1551 30.1146
-0.0107719 45.154 30.1145
-0.0107613 45.1528 30.1143
-0.0107508 45.1517 30.1142
-0.0107403 45.1506 30.1141
-0.0107298 45.1494 30.114
-0.0107193 45.1483 30.1139
-0.0107088 45.1471 30.1138
-0.0106984 45.146 30.1137
-0.0106879 45.1449 30.1136
-0.0106774 45.1437 30.1134
-0.010667 45.1426 30.1133
-0.0106565 45.1415 30.1132
-0.0106461 45.1403 30.1131
-0.0106357 45.1392 30.113
-0.0106253 45.1381 30.1129
-0.0106149 45.1369 30.1128
-0.0106045 45.1358 30.1127
-0.0105941 45.1347 30.1125
-0.0105837 45.1336 30.1124
-0.0105733 45.1324 30.1123
-0.010563 45.1313 30.1122
-0.0105526 45.1302 30.1121
-0.0105423 45.1291 30.112
-0.0105319 45.128 30.1119
-0.0105216 45.1268 30.1118
-0.0105113 45.1257 30.1117
-0.010501 45.1246 30.1115
-0.0104907 45.1235 30.1114
-0.0104804 45.1224 30.1113
-0.0104701 45.1213 30.1112
-0.0104598 45.1202 30.1111
-0.0104496 45.1191 30.111
-0.0104393 45.1179 30.1109
-0.0104291 45.1168 30.1108
-0.0104188 45.1157 30.1107
-0.0104086 45.1146 30.1106
-0.0103984 45.1135 30.1104
-0.0103882 45.1124 30.1103
-0.010378 45.1113 30.1102
-0.0103678 45.1102 30.1101
-0.0103576 45.1091 30.11
-0.0103474 45.108 30.1099
-0.0103373 45.1069 30.1098
-0.0103271 45.1058 30.1097
-0.010317 45.1047 30.1096
-0.0103068 45.1036 30.1095
-0.0102967 45.1025 30.1094
-0.0102866 45.1014 30.1093
-0.0102765 45.1004 30.1091
-0.0102664 45.0993 30.109
-0.0102563 45.0982 30.1089
-0.0102462 45.0971 30.1088
-0.0102361 45.096 30.1087
-0.010226 45.0949 30.1086
-0.010216 45.0938 30.1085
-0.0102059 45.0927 30.1084
-0.0101959 45.0917 30.1083
-0.0101859 45.0906 30.1082
-0.0101758 45.0895 30.1081
-0.0101658 45.0884 30.108
-0.0101558 45.0873 30.1079
-0.0101458 45.0863 30.1077
-0.0101358 45.0852 30.1076
-0.0101259 45.0841 30.1075
-0.0101159 45.083 30.1074
-0.0101059 45.082 30.1073
-0.010096 45.0809 30.1072
-0.010086 45.0798 30.1071
-0.0100761 45.0787 30.107
-0.0100662 45.0777 30.1069
-0.0100563 45.0766 30.1068
-0.0100464 45.0755 30.1067
-0.0100365 45.0745 30.1066
-0.0100266 45.0734 30.1065
-0.0100167 45.0724 30.1064
-0.0100068 45.0713 30.1063
-0.00999696 45.0702 30.1062
-0.0099871 45.0692 30.1061
-0.00997726 45.0681 30.1059
-0.00996742 45.067 30.1058
-0.0099576 45.066 30.1057
-0.00994778 45.0649 30.1056
-0.00993797 45.0639 30.1055
-0.00992817 45.0628 30.1054
-0.00991838 45.0618 30.1053
-0.0099086 45.0607 30.1052
-0.00989883 45.0597 30.1051
-0.00988906 45.0586 30.105
-0.00987931 45.0576 30.1049
-0.00986956 45.0565 30.1048
-0.00985982 45.0555 30.1047
-0.00985009 45.0544 30.1046
-0.00984038 45.0534 30.1045
-0.00983066 45.0523 30.1044
-0.00982096 45.0513 30.1043
-0.00981127 45.0503 30.1042
-0.00980159 45.0492 30.1041
-0.00979191 45.0482 30.104
-0.00978224 45.0471 30.1039
-0.00977259 45.0461 30.1038
-0.00976294 45.0451 30.1037
-0.0097533 45.044 30.1036
-0.00974367 45.043 30.1035
-0.00973405 45.042 30.1034
-0.00972444 45.0409 30.1033
-0.00971483 45.0399 30.1031
-0.00970524 45.0389 30.103
-0.00969565 45.0378 30.1029
-0.00968607 45.0368 30.1028
-0.0096765 45.0358 30.1027
-0.00966695 45.0348 30.1026
-0.00965739 45.0337 30.1025
-0.00964785 45.0327 30.1024
-0.00963832 45.0317 30.1023
-0.0096288 45.0307 30.1022
-0.00961928 45.0296 30.1021
-0.00960978 45.0286 30.102
-0.00960028 45.0276 30.1019
-0.00959079 45.0266 30.1018
-0.00958131 45.0256 30.1017
-0.00957184 45.0245 30.1016
-0.00956238 45.0235 30.1015
-0.00955292 45.0225 30.1014
-0.00954348 45.0215 30.1013
-0.00953404 45.0205 30.1012
-0.00952462 45.0195 30.1011
-0.0095152 45.0185 30.101
-0.00950579 45.0175 30.1009
-0.00949639 45.0164 30.1008
-0.009487 45.0154 30.1007
-0.00947762 45.0144 30.1006
-0.00946825 45.0134 30.1005
-0.00945888 45.0124 30.1004
-0.00944953 45.0114 30.1003
-0.00944018 45.0104 30.1002
-0.00943084 45.0094 30.1001
-0.00942151 45.0084 30.1
-0.00941219 45.0074 30.0999
-0.00940288 45.0064 30.0998
-0.00939358 45.0054 30.0997
-0.00938428 45.0044 30.0996
-0.009375 45.0034 30.0995
-0.00936572 45.0024 30.0994
-0.00935645 45.0014 30.0993
-0.00934719 45.0005 30.0992
-0.00933794 44.9995 30.0991
-0.0093287 44.9985 30.099
-0.00931947 44.9975 30.0989
-0.00931025 44.9965 30.0988
-0.00930103 44.9955 30.0987
-0.00929183 44.9945 30.0986
-0.00928263 44.9935 30.0986
-0.00927344 44.9925 30.0985
-0.00926426 44.9916 30.0984
-0.00925509 44.9906 30.0983
-0.00924593 44.9896 30.0982
-0.00923677 44.9886 30.0981
-0.00922763 44.9876 30.098
-0.00921849 44.9867 30.0979
-0.00920937 44.9857 30.0978
-0.00920025 44.9847 30.0977
-0.00919114 44.9837 30.0976
-0.00918204 44.9828 30.0975
-0.00917294 44.9818 30.0974
-0.00916386 44.9808 30.0973
-0.00915478 44.9798 30.0972
-0.00914572 44.9789 30.0971
-0.00913666 44.9779 30.097
-0.00912761 44.9769 30.0969
-0.00911857 44.976 30.0968
-0.00910954 44.975 30.0967
-0.00910052 44.974 30.0966
-0.0090915 44.9731 30.0965
-0.0090825 44.9721 30.0964
-0.0090735 44.9711 30.0963
-0.00906451 44.9702 30.0962
-0.00905554 44.9692 30.0961
-0.00904656 44.9683 30.096
-0.0090376 44.9673 30.0959
-0.00902865 44.9663 30.0959
-0.0090197 44.9654 30.0958
-0.00901077 44.9644 30.0957
-0.00900184 44.9635 30.0956
-0.00899292 44.9625 30.0955
-0.00898401 44.9616 30.0954
-0.00897511 44.9606 30.0953
-0.00896622 44.9596 30.0952
-0.00895733 44.9587 30.0951
-0.00894846 44.9577 30.095
-0.00893959 44.9568 30.0949
-0.00893073 44.9559 30.0948
-0.00892188 44.9549 30.0947
-0.00891304 44.954 30.0946
-0.00890421 44.953 30.0945
-0.00889538 44.9521 30.0944
-0.00888657 44.9511 30.0943
-0.00887776 44.9502 30.0943
-0.00886896 44.9492 30.0942
-0.00886017 44.9483 30.0941
-0.00885139 44.9474 30.094
-0.00884262 44.9464 30.0939
-0.00883386 44.9455 30.0938
-0.0088251 44.9445 30.0937
-0.00881635 44.9436 30.0936
-0.00880761 44.9427 30.0935
-0.00879888 44.9417 30.0934
-0.00879016 44.9408 30.0933
-0.00878145 44.9399 30.0932
-0.00877275 44.9389 30.0931
-0.00876405 44.938 30.093
-0.00875536 44.9371 30.093
-0.00874668 44.9362 30.0929
-0.00873801 44.9352 30.0928
-0.00872935 44.9343 30.0927
-0.0087207 44.9334 30.0926
-0.00871205 44.9325 30.0925
-0.00870342 44.9315 30.0924
-0.00869479 44.9306 30.0923
-0.00868617 44.9297 30.0922
-0.00867756 44.9288 30.0921
-0.00866895 44.9278 30.092
-0.00866036 44.9269 30.0919
-0.00865177 44.926 30.0919
-0.0086432 44.9251 30.0918
-0.00863463 44.9242 30.0917
-0.00862607 44.9233 30.0916
-0.00861751 44.9223 30.0915
-0.00860897 44.9214 30.0914
-0.00860043 44.9205 30.0913
-0.00859191 44.9196 30.0912
-0.00858339 44.9187 30.0911
-0.00857488 44.9178 30.091
-0.00856637 44.9169 30.0909
-0.00855788 44.916 30.0909
-0.0085494 44.915 30.0908
-0.00854092 44.9141 30.0907
-0.00853245 44.9132 30.0906
-0.00852399 44.9123 30.0905
-0.00851554 44.9114 30.0904
-0.00850709 44.9105 30.0903
-0.00849866 44.9096 30.0902
-0.00849023 44.9087 30.0901
-0.00848181 44.9078 30.09
-0.0084734 44.9069 30.09
-0.008465 44.906 30.0899
-0.0084566 44.9051 30.0898
-0.00844822 44.9042 30.0897
-0.00843984 44.9033 30.0896
-0.00843147 44.9024 30.0895
-0.00842311 44.9015 30.0894
-0.00841476 44.9006 30.0893
-0.00840641 44.8998 30.0892
-0.00839808 44.8989 30.0892
-0.00838975 44.898 30.0891
-0.00838143 44.8971 30.089
-0.00837312 44.8962 30.0889
-0.00836482 44.8953 30.0888
-0.00835652 44.8944 30.0887
-0.00834823 44.8935 30.0886
-0.00833995 44.8926 30.0885
-0.00833168 44.8918 30.0885
-0.00832342 44.8909 30.0884
-0.00831517 44.89 30.0883
-0.00830692 44.8891 30.0882
-0.00829868 44.8882 30.0881
-0.00829045 44.8874 30.088
-0.00828223 44.8865 30.0879
-0.00827402 44.8856 30.0878
-0.00826581 44.8847 30.0878
-0.00825762 44.8838 30.0877
-0.00824943 44.883 30.0876
-0.00824125 44.8821 30.0875
-0.00823307 44.8812 30.0874
-0.00822491 44.8803 30.0873
-0.00821675 44.8795 30.0872
-0.0082086 44.8786 30.0872
-0.00820046 44.8777 30.0871
-0.00819233 44.8769 30.087
-0.0081842 44.876 30.0869
-0.00817609 44.8751 30.0868
-0.00816798 44.8743 30.0867
-0.00815988 44.8734 30.0866
-0.00815179 44.8725 30.0865
-0.0081437 44.8717 30.0865
-0.00813563 44.8708 30.0864
-0.00812756 44.8699 30.0863
-0.0081195 44.8691 30.0862
-0.00811144 44.8682 30.0861
-0.0081034 44.8673 30.086
-0.00809536 44.8665 30.0859
-0.00808734 44.8656 30.0859
-0.00807932 44.8648 30.0858
-0.0080713 44.8639 30.0857
-0.0080633 44.8631 30.0856
-0.0080553 44.8622 30.0855
-0.00804731 44.8613 30.0854
-0.00803933 44.8605 30.0854
-0.00803136 44.8596 30.0853
-0.00802339 44.8588 30.0852
-0.00801544 44.8579 30.0851
-0.00800749 44.8571 30.085
-0.00799955 44.8562 30.0849
-0.00799161 44.8554 30.0848
-0.00798369 44.8545 30.0848
-0.00797577 44.8537 30.0847
-0.00796786 44.8529 30.0846
-0.00795996 44.852 30.0845
-0.00795207 44.8512 30.0844
-0.00794418 44.8503 30.0843
-0.0079363 44.8495 30.0843
-0.00792843 44.8486 30.0842
-0.00792057 44.8478 30.0841
-0.00791271 44.847 30.084
-0.00790487 44.8461 30.0839
-0.00789703 44.8453 30.0838
-0.00788919 44.8444 30.0838
-0.00788137 44.8436 30.0837
-0.00787356 44.8428 30.0836
-0.00786575 44.8419 30.0835
-0.00785795 44.8411 30.0834
-0.00785015 44.8403 30.0833
-0.00784237 44.8394 30.0833
-0.00783459 44.8386 30.0832
-0.00782682 44.8378 30.0831
-0.00781906 44.8369 30.083
-0.00781131 44.8361 30.0829
-0.00780356 44.8353 30.0829
-0.00779582 44.8345 30.0828
-0.00778809 44.8336 30.0827
-0.00778037 44.8328 30.0826
-0.00777265 44.832 30.0825
-0.00776494 44.8311 30.0824
-0.00775724 44.8303 30.0824
-0.00774955 44.8295 30.0823
-0.00774187 44.8287 30.0822
-0.00773419 44.8279 30.0821
-0.00772652 44.827 30.082
-0.00771886 44.8262 30.082
-0.0077112 44.8254 30.0819
-0.00770356 44.8246 30.0818
-0.00769592 44.8238 30.0817
-0.00768829 44.8229 30.0816
-0.00768066 44.8221 30.0815
-0.00767305 44.8213 30.0815
-0.00766544 44.8205 30.0814
-0.00765784 44.8197 30.0813
-0.00765024 44.8189 30.0812
-0.00764266 44.8181 30.0811
-0.00763508 44.8173 30.0811
-0.00762751 44.8164 30.081
-0.00761994 44.8156 30.0809
-0.00761239 44.8148 30.0808
-0.00760484 44.814 30.0807
-0.0075973 44.8132 30.0807
-0.00758977 44.8124 30.0806
-0.00758224 44.8116 30.0805
-0.00757472 44.8108 30.0804
-0.00756721 44.81 30.0803
-0.00755971 44.8092 30.0803
-0.00755221 44.8084 30.0802
-0.00754472 44.8076 30.0801
-0.00753724 44.8068 30.08
-0.00752977 44.806 30.0799
-0.0075223 44.8052 30.0799
-0.00751484 44.8044 30.0798
-0.00750739 44.8036 30.0797
-0.00749995 44.8028 30.0796
-0.00749251 44.802 30.0796
-0.00748508 44.8012 30.0795
-0.00747766 44.8004 30.0794
-0.00747025 44.7996 30.0793
-0.00746284 44.7988 30.0792
-0.00745544 44.798 30.0792
-0.00744805 44.7973 30.0791
-0.00744066 44.7965 30.079
-0.00743329 44.7957 30.0789
-0.00742592 44.7949 30.0788
-0.00741855 44.7941 30.0788
-0.0074112 44.7933 30.0787
-0.00740385 44.7925 30.0786
-0.00739651 44.7917 30.0785
-0.00738918 44.791 30.0785
-0.00738185 44.7902 30.0784
-0.00737453 44.7894 30.0783
-0.00736722 44.7886 30.0782
-0.00735991 44.7878 30.0781
-0.00735262 44.787 30.0781
-0.00734533 44.7863 30.078
-0.00733805 44.7855 30.0779
-0.00733077 44.7847 30.0778
-0.0073235 44.7839 30.0778
-0.00731624 44.7831 30.0777
-0.00730899 44.7824 30.0776
-0.00730174 44.7816 30.0775
-0.0072945 44.7808 30.0775
-0.00728727 44.78 30.0774
-0.00728005 44.7793 30.0773
-0.00727283 44.7785 30.0772
-0.00726562 44.7777 30.0771
-0.00725841 44.777 30.0771
-0.00725122 44.7762 30.077
-0.00724403 44.7754 30.0769
-0.00723685 44.7747 30.0768
-0.00722967 44.7739 30.0768
-0.00722251 44.7731 30.0767
-0.00721535 44.7724 30.0766
-0.00720819 44.7716 30.0765
-0.00720105 44.7708 30.0765
-0.00719391 44.7701 30.0764
-0.00718678 44.7693 30.0763
-0.00717965 44.7685 30.0762
-0.00717253 44.7678 30.0762
-0.00716542 44.767 30.0761
-0.00715832 44.7663 30.076
-0.00715122 44.7655 30.0759
-0.00714413 44.7647 30.0759
-0.00713705 44.764 30.0758
-0.00712998 44.7632 30.0757
-0.00712291 44.7625 30.0756
-0.00711585 44.7617 30.0756
-0.00710879 44.761 30.0755
-0.00710174 44.7602 30.0754
-0.0070947 44.7594 30.0753
-0.00708767 44.7587 30.0753
-0.00708065 44.7579 30.0752
-0.00707363 44.7572 30.0751
-0.00706661 44.7564 30.075
-0.00705961 44.7557 30.075
-0.00705261 44.7549 30.0749
-0.00704562 44.7542 30.0748
-0.00703864 44.7534 30.0747
-0.00703166 44.7527 30.0747
-0.00702469 44.752 30.0746
-0.00701772 44.7512 30.0745
-0.00701077 44.7505 30.0744
-0.00700382 44.7497 30.0744
-0.00699688 44.749 30.0743
-0.00698994 44.7482 30.0742
-0.00698301 44.7475 30.0741
-0.00697609 44.7468 30.0741
-0.00696917 44.746 30.074
-0.00696227 44.7453 30.0739
-0.00695536 44.7445 30.0739
-0.00694847 44.7438 30.0738
-0.00694158 44.7431 30.0737
-0.0069347 44.7423 30.0736
-0.00692783 44.7416 30.0736
-0.00692096 44.7409 30.0735
-0.0069141 44.7401 30.0734
-0.00690725 44.7394 30.0733
-0.0069004 44.7387 30.0733
-0.00689356 44.7379 30.0732
-0.00688673 44.7372 30.0731
-0.0068799 44.7365 30.0731
-0.00687308 44.7357 30.073
-0.00686627 44.735 30.0729
-0.00685946 44.7343 30.0728
-0.00685266 44.7335 30.0728
-0.00684587 44.7328 30.0727
-0.00683909 44.7321 30.0726
-0.00683231 44.7314 30.0725
-0.00682553 44.7306 30.0725
-0.00681877 44.7299 30.0724
-0.00681201 44.7292 30.0723
-0.00680526 44.7285 30.0723
-0.00679851 44.7277 30.0722
-0.00679177 44.727 30.0721
-0.00678504 44.7263 30.072
-0.00677832 44.7256 30.072
-0.0067716 44.7249 30.0719
-0.00676489 44.7242 30.0718
-0.00675818 44.7234 30.0718
-0.00675148 44.7227 30.0717
-0.00674479 44.722 30.0716
-0.00673811 44.7213 30.0715
-0.00673143 44.7206 30.0715
-0.00672476 44.7199 30.0714
-0.00671809 44.7191 30.0713
-0.00671143 44.7184 30.0713
-0.00670478 44.7177 30.0712
-0.00669814 44.717 30.0711
-0.0066915 44.7163 30.0711
-0.00668486 44.7156 30.071
-0.00667824 44.7149 30.0709
-0.00667162 44.7142 30.0708
-0.00666501 44.7135 30.0708
-0.0066584 44.7128 30.0707
-0.0066518 44.712 30.0706
-0.00664521 44.7113 30.0706
-0.00663862 44.7106 30.0705
-0.00663204 44.7099 30.0704
-0.00662547 44.7092 30.0703
-0.0066189 44.7085 30.0703
-0.00661234 44.7078 30.0702
-0.00660579 44.7071 30.0701
-0.00659924 44.7064 30.0701
-0.0065927 44.7057 30.07
-0.00658617 44.705 30.0699
-0.00657964 44.7043 30.0699
-0.00657312 44.7036 30.0698
-0.00656661 44.7029 30.0697
-0.0065601 44.7022 30.0697
-0.0065536 44.7015 30.0696
-0.0065471 44.7008 30.0695
-0.00654061 44.7001 30.0694
-0.00653413 44.6995 30.0694
-0.00652765 44.6988 30.0693
-0.00652119 44.6981 30.0692
-0.00651472 44.6974 30.0692
-0.00650827 44.6967 30.0691
-0.00650182 44.696 30.069
-0.00649537 44.6953 30.069
-0.00648893 44.6946 30.0689
-0.0064825 44.6939 30.0688
-0.00647608 44.6932 30.0688
-0.00646966 44.6926 30.0687
-0.00646325 44.6919 30.0686
-0.00645684 44.6912 30.0686
-0.00645045 44.6905 30.0685
-0.00644405 44.6898 30.0684
-0.00643767 44.6891 30.0684
-0.00643129 44.6884 30.0683
-0.00642491 44.6878 30.0682
-0.00641855 44.6871 30.0682
-0.00641218 44.6864 30.0681
-0.00640583 44.6857 30.068
-0.00639948 44.685 30.068
-0.00639314 44.6844 30.0679
-0.0063868 44.6837 30.0678
-0.00638047 44.683 30.0677
-0.00637415 44.6823 30.0677
-0.00636783 44.6817 30.0676
-0.00636152 44.681 30.0675
-0.00635522 44.6803 30.0675
-0.00634892 44.6796 30.0674
-0.00634263 44.679 30.0673
-0.00633634 44.6783 30.0673
-0.00633006 44.6776 30.0672
-0.00632379 44.6769 30.0671
-0.00631752 44.6763 30.0671
-0.00631126 44.6756 30.067
-0.00630501 44.6749 30.0669
-0.00629876 44.6743 30.0669
-0.00629252 44.6736 30.0668
-0.00628628 44.6729 30.0667
-0.00628005 44.6723 30.0667
-0.00627383 44.6716 30.0666
-0.00626761 44.6709 30.0666
-0.0062614 44.6703 30.0665
-0.00625519 44.6696 30.0664
-0.006249 44.6689 30.0664
-0.0062428 44.6683 30.0663
-0.00623662 44.6676 30.0662
-0.00623044 44.6669 30.0662
-0.00622426 44.6663 30.0661
-0.00621809 44.6656 30.066
-0.00621193 44.665 30.066
-0.00620578 44.6643 30.0659
-0.00619963 44.6637 30.0658
-0.00619348 44.663 30.0658
-0.00618734 44.6623 30.0657
-0.00618121 44.6617 30.0656
-0.00617509 44.661 30.0656
-0.00616897 44.6604 30.0655
-0.00616285 44.6597 30.0654
-0.00615675 44.6591 30.0654
-0.00615065 44.6584 30.0653
-0.00614455 44.6578 30.0652
-0.00613846 44.6571 30.0652
-0.00613238 44.6565 30.0651
-0.0061263 44.6558 30.065
-0.00612023 44.6552 30.065
-0.00611417 44.6545 30.0649
-0.00610811 44.6539 30.0649
-0.00610205 44.6532 30.0648
-0.00609601 44.6526 30.0647
-0.00608997 44.6519 30.0647
-0.00608393 44.6513 30.0646
-0.0060779 44.6506 30.0645
-0.00607188 44.65 30.0645
-0.00606586 44.6493 30.0644
-0.00605985 44.6487 30.0643
-0.00605385 44.648 30.0643
-0.00604785 44.6474 30.0642
-0.00604185 44.6468 30.0642
-0.00603587 44.6461 30.0641
-0.00602989 44.6455 30.064
-0.00602391 44.6448 30.064
-0.00601794 44.6442 30.0639
-0.00601198 44.6436 30.0638
-0.00600602 44.6429 30.0638
-0.00600007 44.6423 30.0637
-0.00599412 44.6417 30.0636
-0.00598818 44.641 30.0636
-0.00598225 44.6404 30.0635
-0.00597632 44.6397 30.0635
-0.0059704 44.6391 30.0634
-0.00596448 44.6385 30.0633
-0.00595857 44.6378 30.0633
-0.00595267 44.6372 30.0632
-0.00594677 44.6366 30.0631
-0.00594087 44.636 30.0631
-0.00593499 44.6353 30.063
-0.00592911 44.6347 30.063
-0.00592323 44.6341 30.0629
-0.00591736 44.6334 30.0628
-0.0059115 44.6328 30.0628
-0.00590564 44.6322 30.0627
-0.00589979 44.6316 30.0626
-0.00589394 44.6309 30.0626
-0.0058881 44.6303 30.0625
-0.00588227 44.6297 30.0625
-0.00587644 44.6291 30.0624
-0.00587061 44.6284 30.0623
-0.0058648 44.6278 30.0623
-0.00585898 44.6272 30.0622
-0.00585318 44.6266 30.0621
-0.00584738 44.6259 30.0621
-0.00584158 44.6253 30.062
-0.0058358 44.6247 30.062
-0.00583001 44.6241 30.0619
-0.00582424 44.6235 30.0618
-0.00581846 44.6228 30.0618
-0.0058127 44.6222 30.0617
-0.00580694 44.6216 30.0617
-0.00580118 44.621 30.0616
-0.00579544 44.6204 30.0615
-0.00578969 44.6198 30.0615
-0.00578396 44.6192 30.0614
-0.00577822 44.6185 30.0614
-0.0057725 44.6179 30.0613
-0.00576678 44.6173 30.0612
-0.00576106 44.6167 30.0612
-0.00575536 44.6161 30.0611
-0.00574965 44.6155 30.0611
-0.00574395 44.6149 30.061
-0.00573826 44.6143 30.0609
-0.00573258 44.6137 30.0609
-0.0057269 44.613 30.0608
-0.00572122 44.6124 30.0607
-0.00571555 44.6118 30.0607
-0.00570989 44.6112 30.0606
-0.00570423 44.6106 30.0606
-0.00569858 44.61 30.0605
-0.00569293 44.6094 30.0604
-0.00568729 44.6088 30.0604
-0.00568165 44.6082 30.0603
-0.00567602 44.6076 30.0603
-0.0056704 44.607 30.0602
-0.00566478 44.6064 30.0601
-0.00565917 44.6058 30.0601
-0.00565356 44.6052 30.06
-0.00564796 44.6046 30.06
-0.00564236 44.604 30.0599
-0.00563677 44.6034 30.0599
-0.00563118 44.6028 30.0598
-0.0056256 44.6022 30.0597
-0.00562003 44.6016 30.0597
-0.00561446 44.601 30.0596
-0.0056089 44.6004 30.0596
-0.00560334 44.5998 30.0595
-0.00559779 44.5992 30.0594
-0.00559224 44.5986 30.0594
-0.0055867 44.598 30.0593
-0.00558116 44.5974 30.0593
-0.00557563 44.5969 30.0592
-0.00557011 44.5963 30.0591
-0.00556459 44.5957 30.0591
-0.00555907 44.5951 30.059
-0.00555356 44.5945 30.059
-0.00554806 44.5939 30.0589
-0.00554256 44.5933 30.0589
-0.00553707 44.5927 30.0588
-0.00553158 44.5921 30.0587
-0.0055261 44.5916 30.0587
-0.00552063 44.591 30.0586
-0.00551516 44.5904 30.0586
-0.00550969 44.5898 30.0585
-0.00550423 44.5892 30.0584
-0.00549878 44.5886 30.0584
-0.00549333 44.588 30.0583
-0.00548789 44.5875 30.0583
-0.00548245 44.5869 30.0582
-0.00547702 44.5863 30.0582
-0.00547159 44.5857 30.0581
-0.00546617 44.5851 30.058
-0.00546075 44.5846 30.058
-0.00545534 44.584 30.0579
-0.00544993 44.5834 30.0579
-0.00544453 44.5828 30.0578
-0.00543914 44.5822 30.0578
-0.00543375 44.5817 30.0577
-0.00542836 44.5811 30.0576
-0.00542298 44.5805 30.0576
-0.00541761 44.5799 30.0575
-0.00541224 44.5794 30.0575
-0.00540688 44.5788 30.0574
-0.00540152 44.5782 30.0574
-0.00539617 44.5776 30.0573
-0.00539082 44.5771 30.0572
-0.00538548 44.5765 30.0572
-0.00538014 44.5759 30.0571
-0.00537481 44.5754 30.0571
-0.00536949 44.5748 30.057
-0.00536417 44.5742 30.057
-0.00535885 44.5736 30.0569
-0.00535354 44.5731 30.0568
-0.00534824 44.5725 30.0568
-0.00534294 44.5719 30.0567
-0.00533764 44.5714 30.0567
-0.00533235 44.5708 30.0566
-0.00532707 44.5702 30.0566
-0.00532179 44.5697 30.0565
-0.00531652 44.5691 30.0565
-0.00531125 44.5686 30.0564
-0.00530599 44.568 30.0563
-0.00530073 44.5674 30.0563
-0.00529547 44.5669 30.0562
-0.00529023 44.5663 30.0562
-0.00528499 44.5657 30.0561
-0.00527975 44.5652 30.0561
-0.00527452 44.5646 30.056
-0.00526929 44.5641 30.056
-0.00526407 44.5635 30.0559
-0.00525885 44.5629 30.0558
-0.00525364 44.5624 30.0558
-0.00524844 44.5618 30.0557
-0.00524323 44.5613 30.0557
-0.00523804 44.5607 30.0556
-0.00523285 44.5602 30.0556
-0.00522766 44.5596 30.0555
-0.00522248 44.559 30.0555
-0.00521731 44.5585 30.0554
-0.00521214 44.5579 30.0553
-0.00520697 44.5574 30.0553
-0.00520181 44.5568 30.0552
-0.00519666 44.5563 30.0552
-0.00519151 44.5557 30.0551
-0.00518637 44.5552 30.0551
-0.00518123 44.5546 30.055
-0.00517609 44.5541 30.055
-0.00517096 44.5535 30.0549
-0.00516584 44.553 30.0549
-0.00516072 44.5524 30.0548
-0.00515561 44.5519 30.0547
-0.0051505 44.5513 30.0547
-0.00514539 44.5508 30.0546
-0.0051403 44.5503 30.0546
-0.0051352 44.5497 30.0545
-0.00513011 44.5492 30.0545
-0.00512503 44.5486 30.0544
-0.00511995 44.5481 30.0544
-0.00511488 44.5475 30.0543
-0.00510981 44.547 30.0543
-0.00510475 44.5464 30.0542
-0.00509969 44.5459 30.0541
-0.00509463 44.5454 30.0541
-0.00508959 44.5448 30.054
-0.00508454 44.5443 30.054
-0.0050795 44.5437 30.0539
-0.00507447 44.5432 30.0539
-0.00506944 44.5427 30.0538
-0.00506442 44.5421 30.0538
-0.0050594 44.5416 30.0537
-0.00505439 44.5411 30.0537
-0.00504938 44.5405 30.0536
-0.00504438 44.54 30.0536
-0.00503938 44.5394 30.0535
-0.00503438 44.5389 30.0535
-0.00502939 44.5384 30.0534
-0.00502441 44.5378 30.0533
-0.00501943 44.5373 30.0533
-0.00501446 44.5368 30.0532
-0.00500949 44.5362 30.0532
-0.00500453 44.5357 30.0531
-0.00499957 44.5352 30.0531
-0.00499461 44.5347 30.053
-0.00498966 44.5341 30.053
-0.00498472 44.5336 30.0529
-0.00497978 44.5331 30.0529
-0.00497484 44.5325 30.0528
-0.00496992 44.532 30.0528
-0.00496499 44.5315 30.0527
-0.00496007 44.531 30.0527
-0.00495516 44.5304 30.0526
-0.00495025 44.5299 30.0526
-0.00494534 44.5294 30.0525
-0.00494044 44.5289 30.0525
-0.00493554 44.5283 30.0524
-0.00493065 44.5278 30.0524
-0.00492577 44.5273 30.0523
-0.00492089 44.5268 30.0523
-0.00491601 44.5262 30.0522
-0.00491114 44.5257 30.0521
-0.00490627 44.5252 30.0521
-0.00490141 44.5247 30.052
-0.00489655 44.5242 30.052
-0.0048917 44.5236 30.0519
-0.00488685 44.5231 30.0519
-0.00488201 44.5226 30.0518
-0.00487717 44.5221 30.0518
-0.00487234 44.5216 30.0517
-0.00486751 44.5211 30.0517
-0.00486269 44.5205 30.0516
-0.00485787 44.52 30.0516
-0.00485306 44.5195 30.0515
-0.00484825 44.519 30.0515
-0.00484344 44.5185 30.0514
-0.00483865 44.518 30.0514
-0.00483385 44.5174 30.0513
-0.00482906 44.5169 30.0513
-0.00482428 44.5164 30.0512
-0.00481949 44.5159 30.0512
-0.00481472 44.5154 30.0511
-0.00480995 44.5149 30.0511
-0.00480518 44.5144 30.051
-0.00480042 44.5139 30.051
-0.00479566 44.5134 30.0509
-0.00479091 44.5129 30.0509
-0.00478616 44.5123 30.0508
-0.00478142 44.5118 30.0508
-0.00477668 44.5113 30.0507
-0.00477195 44.5108 30.0507
-0.00476722 44.5103 30.0506
-0.0047625 44.5098 30.0506
-0.00475778 44.5093 30.0505
-0.00475306 44.5088 30.0505
-0.00474835 44.5083 30.0504
-0.00474365 44.5078 30.0504
-0.00473895 44.5073 30.0503
-0.00473425 44.5068 30.0503
-0.00472956 44.5063 30.0502
-0.00472487 44.5058 30.0502
-0.00472019 44.5053 30.0501
-0.00471551 44.5048 30.0501
-0.00471084 44.5043 30.05
-0.00470617 44.5038 30.05
-0.00470151 44.5033 30.0499
-0.00469685 44.5028 30.0499
-0.0046922 44.5023 30.0498
-0.00468755 44.5018 30.0498
-0.0046829 44.5013 30.0497
-0.00467826 44.5008 30.0497
-0.00467363 44.5003 30.0496
-0.004669 44.4998 30.0496
-0.00466437 44.4993 30.0495
-0.00465975 44.4988 30.0495
-0.00465513 44.4983 30.0494
-0.00465052 44.4978 30.0494
-0.00464591 44.4973 30.0493
-0.0046413 44.4968 30.0493
-0.00463671 44.4963 30.0492
-0.00463211 44.4959 30.0492
-0.00462752 44.4954 30.0491
-0.00462294 44.4949 30.0491
-0.00461835 44.4944 30.049
-0.00461378 44.4939 30.049
-0.00460921 44.4934 30.0489
-0.00460464 44.4929 30.0489
-0.00460008 44.4924 30.0488
-0.00459552 44.4919 30.0488
-0.00459096 44.4914 30.0487
-0.00458641 44.491 30.0487
-0.00458187 44.4905 30.0487
-0.00457733 44.49 30.0486
-0.00457279 44.4895 30.0486
-0.00456826 44.489 30.0485
-0.00456374 44.4885 30.0485
-0.00455921 44.488 30.0484
-0.0045547 44.4876 30.0484
-0.00455018 44.4871 30.0483
-0.00454567 44.4866 30.0483
-0.00454117 44.4861 30.0482
-0.00453667 44.4856 30.0482
-0.00453217 44.4852 30.0481
-0.00452768 44.4847 30.0481
-0.0045232 44.4842 30.048
-0.00451871 44.4837 30.048
-0.00451424 44.4832 30.0479
-0.00450976 44.4828 30.0479
-0.00450529 44.4823 30.0478
-0.00450083 44.4818 30.0478
-0.00449637 44.4813 30.0477
-0.00449191 44.4808 30.0477
-0.00448746 44.4804 30.0476
-0.00448302 44.4799 30.0476
-0.00447857 44.4794 30.0476
-0.00447414 44.4789 30.0475
-0.0044697 44.4785 30.0475
-0.00446527 44.478 30.0474
-0.00446085 44.4775 30.0474
-0.00445643 44.477 30.0473
-0.00445201 44.4766 30.0473
-0.0044476 44.4761 30.0472
-0.00444319 44.4756 30.0472
-0.00443879 44.4752 30.0471
-0.00443439 44.4747 30.0471
-0.00443 44.4742 30.047
-0.00442561 44.4737 30.047
-0.00442122 44.4733 30.0469
-0.00441684 44.4728 30.0469
-0.00441246 44.4723 30.0469
-0.00440809 44.4719 30.0468
-0.00440372 44.4714 30.0468
-0.00439936 44.4709 30.0467
-0.004395 44.4705 30.0467
-0.00439065 44.47 30.0466
-0.00438629 44.4695 30.0466
-0.00438195 44.4691 30.0465
-0.00437761 44.4686 30.0465
-0.00437327 44.4681 30.0464
-0.00436893 44.4677 30.0464
-0.0043646 44.4672 30.0463
-0.00436028 44.4668 30.0463
-0.00435596 44.4663 30.0463
-0.00435164 44.4658 30.0462
-0.00434733 44.4654 30.0462
-0.00434302 44.4649 30.0461
-0.00433872 44.4644 30.0461
-0.00433442 44.464 30.046
-0.00433012 44.4635 30.046
-0.00432583 44.4631 30.0459
-0.00432155 44.4626 30.0459
-0.00431726 44.4621 30.0458
-0.00431299 44.4617 30.0458
-0.00430871 44.4612 30.0458
-0.00430444 44.4608 30.0457
-0.00430018 44.4603 30.0457
-0.00429592 44.4599 30.0456
-0.00429166 44.4594 30.0456
-0.00428741 44.459 30.0455
-0.00428316 44.4585 30.0455
-0.00427891 44.458 30.0454
-0.00427467 44.4576 30.0454
-0.00427044 44.4571 30.0453
-0.00426621 44.4567 30.0453
-0.00426198 44.4562 30.0453
-0.00425776 44.4558 30.0452
-0.00425354 44.4553 30.0452
-0.00424932 44.4549 30.0451
-0.00424511 44.4544 30.0451
-0.0042409 44.454 30.045
-0.0042367 44.4535 30.045
-0.0042325 44.4531 30.0449
-0.00422831 44.4526 30.0449
-0.00422412 44.4522 30.0449
-0.00421993 44.4517 30.0448
-0.00421575 44.4513 30.0448
-0.00421157 44.4508 30.0447
-0.0042074 44.4504 30.0447
-0.00420323 44.4499 30.0446
-0.00419907 44.4495 30.0446
-0.00419491 44.449 30.0445
-0.00419075 44.4486 30.0445
-0.0041866 44.4482 30.0445
-0.00418245 44.4477 30.0444
-0.0041783 44.4473 30.0444
-0.00417416 44.4468 30.0443
-0.00417003 44.4464 30.0443
-0.00416589 44.4459 30.0442
-0.00416177 44.4455 30.0442
-0.00415764 44.4451 30.0441
-0.00415352 44.4446 30.0441
-0.00414941 44.4442 30.0441
-0.00414529 44.4437 30.044
-0.00414119 44.4433 30.044
-0.00413708 44.4429 30.0439
-0.00413298 44.4424 30.0439
-0.00412889 44.442 30.0438
-0.0041248 44.4415 30.0438
-0.00412071 44.4411 30.0438
-0.00411663 44.4407 30.0437
-0.00411255 44.4402 30.0437
-0.00410847 44.4398 30.0436
-0.0041044 44.4394 30.0436
-0.00410033 44.4389 30.0435
-0.00409627 44.4385 30.0435
-0.00409221 44.4381 30.0435
-0.00408816 44.4376 30.0434
-0.0040841 44.4372 30.0434
-0.00408006 44.4368 30.0433
-0.00407601 44.4363 30.0433
-0.00407198 44.4359 30.0432
-0.00406794 44.4355 30.0432
-0.00406391 44.435 30.0432
-0.00405988 44.4346 30.0431
-0.00405586 44.4342 30.0431
-0.00405184 44.4337 30.043
-0.00404782 44.4333 30.043
-0.00404381 44.4329 30.0429
-0.00403981 44.4324 30.0429
-0.0040358 44.432 30.0429
-0.0040318 44.4316 30.0428
-0.00402781 44.4312 30.0428
-0.00402382 44.4307 30.0427
-0.00401983 44.4303 30.0427
-0.00401585 44.4299 30.0426
-0.00401187 44.4295 30.0426
-0.00400789 44.429 30.0426
-0.00400392 44.4286 30.0425
-0.00399995 44.4282 30.0425
-0.00399599 44.4278 30.0424
-0.00399203 44.4273 30.0424
-0.00398807 44.4269 30.0423
-0.00398412 44.4265 30.0423
-0.00398017 44.4261 30.0423
-0.00397623 44.4256 30.0422
-0.00397229 44.4252 30.0422
-0.00396835 44.4248 30.0421
-0.00396442 44.4244 30.0421
-0.00396049 44.424 30.0421
-0.00395657 44.4235 30.042
-0.00395265 44.4231 30.042
-0.00394873 44.4227 30.0419
-0.00394482 44.4223 30.0419
-0.00394091 44.4219 30.0418
-0.003937 44.4214 30.0418
-0.0039331 44.421 30.0418
-0.0039292 44.4206 30.0417
-0.00392531 44.4202 30.0417
-0.00392142 44.4198 30.0416
-0.00391753 44.4194 30.0416
-0.00391365 44.4189 30.0416
-0.00390977 44.4185 30.0415
-0.0039059 44.4181 30.0415
-0.00390203 44.4177 30.0414
-0.00389816 44.4173 30.0414
-0.0038943 44.4169 30.0414
-0.00389044 44.4165 30.0413
-0.00388659 44.416 30.0413
-0.00388274 44.4156 30.0412
-0.00387889 44.4152 30.0412
-0.00387504 44.4148 30.0411
-0.0038712 44.4144 30.0411
-0.00386737 44.414 30.0411
-0.00386354 44.4136 30.041
-0.00385971 44.4132 30.041
-0.00385588 44.4128 30.0409
-0.00385206 44.4123 30.0409
-0.00384824 44.4119 30.0409
-0.00384443 44.4115 30.0408
-0.00384062 44.4111 30.0408
-0.00383682 44.4107 30.0407
-0.00383301 44.4103 30.0407
-0.00382922 44.4099 30.0407
-0.00382542 44.4095 30.0406
-0.00382163 44.4091 30.0406
-0.00381784 44.4087 30.0405
-0.00381406 44.4083 30.0405
-0.00381028 44.4079 30.0405
-0.0038065 44.4075 30.0404
-0.00380273 44.4071 30.0404
-0.00379896 44.4067 30.0403
-0.0037952 44.4063 30.0403
-0.00379144 44.4059 30.0403
-0.00378768 44.4055 30.0402
-0.00378393 44.4051 30.0402
-0.00378018 44.4047 30.0401
-0.00377643 44.4043 30.0401
-0.00377269 44.4039 30.0401
-0.00376895 44.4035 30.04
-0.00376522 44.4031 30.04
-0.00376149 44.4027 30.0399
-0.00375776 44.4023 30.0399
-0.00375404 44.4019 30.0399
-0.00375032 44.4015 30.0398
-0.0037466 44.4011 30.0398
-0.00374289 44.4007 30.0397
-0.00373918 44.4003 30.0397
-0.00373547 44.3999 30.0397
-0.00373177 44.3995 30.0396
-0.00372807 44.3991 30.0396
-0.00372438 44.3987 30.0395
-0.00372069 44.3983 30.0395
-0.003717 44.3979 30.0395
-0.00371332 44.3975 30.0394
-0.00370964 44.3971 30.0394
-0.00370596 44.3967 30.0394
-0.00370229 44.3963 30.0393
-0.00369862 44.3959 30.0393
-0.00369496 44.3955 30.0392
-0.00369129 44.3951 30.0392
-0.00368764 44.3947 30.0392
-0.00368398 44.3944 30.0391
-0.00368033 44.394 30.0391
-0.00367668 44.3936 30.039
-0.00367304 44.3932 30.039
-0.0036694 44.3928 30.039
-0.00366577 44.3924 30.0389
-0.00366213 44.392 30.0389
-0.0036585 44.3916 30.0388
-0.00365488 44.3912 30.0388
-0.00365126 44.3909 30.0388
-0.00364764 44.3905 30.0387
-0.00364402 44.3901 30.0387
-0.00364041 44.3897 30.0387
-0.00363681 44.3893 30.0386
-0.0036332 44.3889 30.0386
-0.0036296 44.3885 30.0385
-0.00362601 44.3882 30.0385
-0.00362241 44.3878 30.0385
-0.00361882 44.3874 30.0384
-0.00361524 44.387 30.0384
-0.00361165 44.3866 30.0383
-0.00360807 44.3862 30.0383
-0.0036045 44.3858 30.0383
-0.00360093 44.3855 30.0382
-0.00359736 44.3851 30.0382
-0.00359379 44.3847 30.0382
-0.00359023 44.3843 30.0381
-0.00358668 44.3839 30.0381
-0.00358312 44.3836 30.038
-0.00357957 44.3832 30.038
-0.00357602 44.3828 30.038
-0.00357248 44.3824 30.0379
-0.00356894 44.382 30.0379
-0.0035654 44.3817 30.0379
-0.00356187 44.3813 30.0378
-0.00355834 44.3809 30.0378
-0.00355481 44.3805 30.0377
-0.00355129 44.3802 30.0377
-0.00354777 44.3798 30.0377
-0.00354426 44.3794 30.0376
-0.00354075 44.379 30.0376
-0.00353724 44.3786 30.0376
-0.00353373 44.3783 30.0375
-0.00353023 44.3779 30.0375
-0.00352673 44.3775 30.0374
-0.00352324 44.3772 30.0374
-0.00351975 44.3768 30.0374
-0.00351626 44.3764 30.0373
-0.00351277 44.376 30.0373
-0.00350929 44.3757 30.0373
-0.00350582 44.3753 30.0372
-0.00350234 44.3749 30.0372
-0.00349887 44.3745 30.0372
-0.0034954 44.3742 30.0371
-0.00349194 44.3738 30.0371
-0.00348848 44.3734 30.037
-0.00348502 44.3731 30.037
-0.00348157 44.3727 30.037
-0.00347812 44.3723 30.0369
-0.00347467 44.372 30.0369
-0.00347123 44.3716 30.0369
-0.00346779 44.3712 30.0368
-0.00346435 44.3708 30.0368
-0.00346092 44.3705 30.0367
-0.00345749 44.3701 30.0367
-0.00345406 44.3697 30.0367
-0.00345064 44.3694 30.0366
-0.00344722 44.369 30.0366
-0.00344381 44.3686 30.0366
-0.00344039 44.3683 30.0365
-0.00343698 44.3679 30.0365
-0.00343358 44.3676 30.0365
-0.00343018 44.3672 30.0364
-0.00342678 44.3668 30.0364
-0.00342338 44.3665 30.0363
-0.00341999 44.3661 30.0363
-0.0034166 44.3657 30.0363
-0.00341321 44.3654 30.0362
-0.00340983 44.365 30.0362
-0.00340645 44.3646 30.0362
-0.00340308 44.3643 30.0361
-0.00339971 44.3639 30.0361
-0.00339634 44.3636 30.0361
-0.00339297 44.3632 30.036
-0.00338961 44.3628 30.036
-0.00338625 44.3625 30.036
-0.00338289 44.3621 30.0359
-0.00337954 44.3618 30.0359
-0.00337619 44.3614 30.0358
-0.00337285 44.3611 30.0358
-0.00336951 44.3607 30.0358
-0.00336617 44.3603 30.0357
-0.00336283 44.36 30.0357
-0.0033595 44.3596 30.0357
-0.00335617 44.3593 30.0356
-0.00335284 44.3589 30.0356
-0.00334952 44.3586 30.0356
-0.0033462 44.3582 30.0355
-0.00334289 44.3578 30.0355
-0.00333957 44.3575 30.0355
-0.00333626 44.3571 30.0354
-0.00333296 44.3568 30.0354
-0.00332966 44.3564 30.0354
-0.00332636 44.3561 30.0353
-0.00332306 44.3557 30.0353
-0.00331977 44.3554 30.0352
-0.00331648 44.355 30.0352
-0.00331319 44.3547 30.0352
-0.00330991 44.3543 30.0351
-0.00330663 44.354 30.0351
-0.00330335 44.3536 30.0351
-0.00330008 44.3533 30.035
-0.00329681 44.3529 30.035
-0.00329354 44.3526 30.035
-0.00329028 44.3522 30.0349
-0.00328702 44.3519 30.0349
-0.00328376 44.3515 30.0349
-0.00328051 44.3512 30.0348
-0.00327725 44.3508 30.0348
-0.00327401 44.3505 30.0348
-0.00327076 44.3501 30.0347
-0.00326752 44.3498 30.0347
-0.00326428 44.3494 30.0347
-0.00326105 44.3491 30.0346
-0.00325782 44.3487 30.0346
-0.00325459 44.3484 30.0346
-0.00325136 44.348 30.0345
-0.00324814 44.3477 30.0345
-0.00324492 44.3474 30.0345
-0.00324171 44.347 30.0344
-0.0032385 44.3467 30.0344
-0.00323529 44.3463 30.0344
-0.00323208 44.346 30.0343
-0.00322888 44.3456 30.0343
-0.00322568 44.3453 30.0343
-0.00322248 44.345 30.0342
-0.00321929 44.3446 30.0342
-0.0032161 44.3443 30.0341
-0.00321291 44.3439 30.0341
-0.00320973 44.3436 30.0341
-0.00320655 44.3432 30.034
-0.00320337 44.3429 30.034
-0.0032002 44.3426 30.034
-0.00319702 44.3422 30.0339
-0.00319386 44.3419 30.0339
-0.00319069 44.3416 30.0339
-0.00318753 44.3412 30.0338
-0.00318437 44.3409 30.0338
-0.00318122 44.3405 30.0338
-0.00317806 44.3402 30.0337
-0.00317491 44.3399 30.0337
-0.00317177 44.3395 30.0337
-0.00316862 44.3392 30.0336
-0.00316549 44.3389 30.0336
-0.00316235 44.3385 30.0336
-0.00315921 44.3382 30.0335
-0.00315608 44.3378 30.0335
-0.00315296 44.3375 30.0335
-0.00314983 44.3372 30.0334
-0.00314671 44.3368 30.0334
-0.00314359 44.3365 30.0334
-0.00314048 44.3362 30.0333
-0.00313737 44.3358 30.0333
-0.00313426 44.3355 30.0333
-0.00313115 44.3352 30.0332
-0.00312805 44.3348 30.0332
-0.00312495 44.3345 30.0332
-0.00312185 44.3342 30.0331
-0.00311876 44.3339 30.0331
-0.00311567 44.3335 30.0331
-0.00311258 44.3332 30.033
-0.0031095 44.3329 30.033
-0.00310641 44.3325 30.033
-0.00310334 44.3322 30.033
-0.00310026 44.3319 30.0329
-0.00309719 44.3315 30.0329
-0.00309412 44.3312 30.0329
-0.00309105 44.3309 30.0328
-0.00308799 44.3306 30.0328
-0.00308493 44.3302 30.0328
-0.00308187 44.3299 30.0327
-0.00307882 44.3296 30.0327
-0.00307577 44.3293 30.0327
-0.00307272 44.3289 30.0326
-0.00306968 44.3286 30.0326
-0.00306663 44.3283 30.0326
-0.0030636 44.3279 30.0325
-0.00306056 44.3276 30.0325
-0.00305753 44.3273 30.0325
-0.0030545 44.327 30.0324
-0.00305147 44.3266 30.0324
-0.00304845 44.3263 30.0324
-0.00304543 44.326 30.0323
-0.00304241 44.3257 30.0323
-0.00303939 44.3254 30.0323
-0.00303638 44.325 30.0322
-0.00303337 44.3247 30.0322
-0.00303037 44.3244 30.0322
-0.00302736 44.3241 30.0321
-0.00302436 44.3237 30.0321
-0.00302137 44.3234 30.0321
-0.00301837 44.3231 30.032
-0.00301538 44.3228 30.032
-0.00301239 44.3225 30.032
-0.00300941 44.3221 30.032
-0.00300643 44.3218 30.0319
-0.00300345 44.3215 30.0319
-0.00300047 44.3212 30.0319
-0.0029975 44.3209 30.0318
-0.00299453 44.3206 30.0318
-0.00299156 44.3202 30.0318
-0.0029886 44.3199 30.0317
-0.00298563 44.3196 30.0317
-0.00298268 44.3193 30.0317
-0.00297972 44.319 30.0316
-0.00297677 44.3187 30.0316
-0.00297382 44.3183 30.0316
-0.00297087 44.318 30.0315
-0.00296793 44.3177 30.0315
-0.00296499 44.3174 30.0315
-0.00296205 44.3171 30.0315
-0.00295911 44.3168 30.0314
-0.00295618 44.3164 30.0314
-0.00295325 44.3161 30.0314
-0.00295032 44.3158 30.0313
-0.0029474 44.3155 30.0313
-0.00294448 44.3152 30.0313
-0.00294156 44.3149 30.0312
-0.00293865 44.3146 30.0312
-0.00293574 44.3143 30.0312
-0.00293283 44.3139 30.0311
-0.00292992 44.3136 30.0311
-0.00292702 44.3133 30.0311
-0.00292412 44.313 30.031
-0.00292122 44.3127 30.031
-0.00291832 44.3124 30.031
-0.00291543 44.3121 30.031
-0.00291254 44.3118 30.0309
-0.00290966 44.3115 30.0309
-0.00290677 44.3112 30.0309
-0.00290389 44.3109 30.0308
-0.00290102 44.3105 30.0308
-0.00289814 44.3102 30.0308
-0.00289527 44.3099 30.0307
-0.0028924 44.3096 30.0307
-0.00288953 44.3093 30.0307
-0.00288667 44.309 30.0307
-0.00288381 44.3087 30.0306
-0.00288095 44.3084 30.0306
-0.0028781 44.3081 30.0306
-0.00287525 44.3078 30.0305
-0.0028724 44.3075 30.0305
-0.00286955 44.3072 30.0305
-0.00286671 44.3069 30.0304
-0.00286387 44.3066 30.0304
-0.00286103 44.3063 30.0304
-0.00285819 44.306 30.0303
-0.00285536 44.3057 30.0303
-0.00285253 44.3054 30.0303
-0.0028497 44.3051 30.0303
-0.00284688 44.3047 30.0302
-0.00284406 44.3044 30.0302
-0.00284124 44.3041 30.0302
-0.00283843 44.3038 30.0301
-0.00283561 44.3035 30.0301
-0.0028328 44.3032 30.0301
-0.00283 44.3029 30.03
-0.00282719 44.3026 30.03
-0.00282439 44.3023 30.03
-0.00282159 44.302 30.03
-0.0028188 44.3017 30.0299
-0.002816 44.3014 30.0299
-0.00281321 44.3011 30.0299
-0.00281042 44.3008 30.0298
-0.00280764 44.3005 30.0298
-0.00280486 44.3003 30.0298
-0.00280208 44.3 30.0298
-0.0027993 44.2997 30.0297
-0.00279653 44.2994 30.0297
-0.00279376 44.2991 30.0297
-0.00279099 44.2988 30.0296
-0.00278822 44.2985 30.0296
-0.00278546 44.2982 30.0296
-0.0027827 44.2979 30.0295
-0.00277994 44.2976 30.0295
-0.00277719 44.2973 30.0295
-0.00277443 44.297 30.0295
-0.00277168 44.2967 30.0294
-0.00276894 44.2964 30.0294
-0.00276619 44.2961 30.0294
-0.00276345 44.2958 30.0293
-0.00276071 44.2955 30.0293
-0.00275798 44.2952 30.0293
-0.00275525 44.2949 30.0293
-0.00275252 44.2946 30.0292
-0.00274979 44.2944 30.0292
-0.00274706 44.2941 30.0292
-0.00274434 44.2938 30.0291
-0.00274162 44.2935 30.0291
-0.00273891 44.2932 30.0291
-0.00273619 44.2929 30.0291
-0.00273348 44.2926 30.029
-0.00273077 44.2923 30.029
-0.00272807 44.292 30.029
-0.00272536 44.2917 30.0289
-0.00272266 44.2915 30.0289
-0.00271996 44.2912 30.0289
-0.00271727 44.2909 30.0289
-0.00271458 44.2906 30.0288
-0.00271189 44.2903 30.0288
-0.0027092 44.29 30.0288
-0.00270651 44.2897 30.0287
-0.00270383 44.2894 30.0287
-0.00270115 44.2891 30.0287
-0.00269848 44.2889 30.0287
-0.0026958 44.2886 30.0286
-0.00269313 44.2883 30.0286
-0.00269046 44.288 30.0286
-0.0026878 44.2877 30.0285
-0.00268513 44.2874 30.0285
-0.00268247 44.2871 30.0285
-0.00267981 44.2869 30.0285
-0.00267716 44.2866 30.0284
-0.0026745 44.2863 30.0284
-0.00267185 44.286 30.0284
-0.00266921 44.2857 30.0283
-0.00266656 44.2854 30.0283
-0.00266392 44.2852 30.0283
-0.00266128 44.2849 30.0283
-0.00265864 44.2846 30.0282
-0.00265601 44.2843 30.0282
-0.00265338 44.284 30.0282
-0.00265075 44.2838 30.0281
-0.00264812 44.2835 30.0281
-0.0026455 44.2832 30.0281
-0.00264287 44.2829 30.0281
-0.00264026 44.2826 30.028
-0.00263764 44.2823 30.028
-0.00263503 44.2821 30.028
-0.00263241 44.2818 30.028
-0.00262981 44.2815 30.0279
-0.0026272 44.2812 30.0279
-0.0026246 44.281 30.0279
-0.002622 44.2807 30.0278
-0.0026194 44.2804 30.0278
-0.0026168 44.2801 30.0278
-0.00261421 44.2798 30.0278
-0.00261162 44.2796 30.0277
-0.00260903 44.2793 30.0277
-0.00260644 44.279 30.0277
-0.00260386 44.2787 30.0276
-0.00260128 44.2785 30.0276
-0.0025987 44.2782 30.0276
-0.00259613 44.2779 30.0276
-0.00259356 44.2776 30.0275
-0.00259099 44.2774 30.0275
-0.00258842 44.2771 30.0275
-0.00258585 44.2768 30.0275
-0.00258329 44.2765 30.0274
-0.00258073 44.2763 30.0274
-0.00257817 44.276 30.0274
-0.00257562 44.2757 30.0273
-0.00257307 44.2754 30.0273
-0.00257052 44.2752 30.0273
-0.00256797 44.2749 30.0273
-0.00256543 44.2746 30.0272
-0.00256288 44.2743 30.0272
-0.00256034 44.2741 30.0272
-0.00255781 44.2738 30.0272
-0.00255527 44.2735 30.0271
-0.00255274 44.2733 30.0271
-0.00255021 44.273 30.0271
-0.00254768 44.2727 30.0271
-0.00254516 44.2725 30.027
-0.00254264 44.2722 30.027
-0.00254012 44.2719 30.027
-0.0025376 44.2716 30.0269
-0.00253509 44.2714 30.0269
-0.00253257 44.2711 30.0269
-0.00253006 44.2708 30.0269
-0.00252756 44.2706 30.0268
-0.00252505 44.2703 30.0268
-0.00252255 44.27 30.0268
-0.00252005 44.2698 30.0268
-0.00251755 44.2695 30.0267
-0.00251506 44.2692 30.0267
-0.00251257 44.269 30.0267
-0.00251008 44.2687 30.0267
-0.00250759 44.2684 30.0266
-0.0025051 44.2682 30.0266
-0.00250262 44.2679 30.0266
-0.00250014 44.2676 30.0265
-0.00249766 44.2674 30.0265
-0.00249519 44.2671 30.0265
-0.00249272 44.2668 30.0265
